-0.00981 -0.00211 0.00294 0 -0.00001 0 0 0 0 0 0 0 0 0 0 0 0 0 0 0 0 0 0 0 0 0 0 0 0 0 0 0 0 0 0 0 0 0 0 0 0 0 0 0 0 0 0 0 0 0 0 0 0 0 0 0 0 0 0 0 0 0 0 0 0 0 0 0 0 0 0 0 0 0 0 0 0 0 0 0 0 0 0 0 0 0 0 0 0 0 0 0 0 0 0 0 0 0 0 0
0.00902 0.00352 -0.00015 0 0 0 0 0 0 0 0 0 0 0 0 0 0 0 0 0 0 0 0 0 0 0 0 0 0 0 0 0 0 0 0 0 0 0 0 0 0 0 0 0 0 0 0 0 0 0 0 0 0 0 0 0 0 0 0 0 0 0 0 0 0 0 0 0 0 0 0 0 0 0 0 0 0 0 0 0 0 0 0 0 0 0 0 0 0 0 0 0 0 0 0 0 0 0 0 0
-0.00113 0.00024 -0.00008 0.0005 -0.00244 0.0005 -0.00003 -0.00012 0.00011 -0.0001 0.00001 0 0 0 0 0 0 0 0 0 0 0 0 0 0 0 0 0 0 0 0 0 0 0 0 0 0 0 0 0 0 0 0 0 0 0 0 0 0 0 0 0 0 0 0 0 0 0 0 0 0 0 0 0 0 0 0 0 0 0 0 0 0 0 0 0 0 0 0 0 0 0 0 0 0 0 0 0 0 0 0 0 0 0 0 0 0 0 0 0
-0.01952 -0.00683 0.00055 -0.00251 -0.00333 0.00068 -0.00004 -0.00016 0.00015 -0.00014 0.00001 0 0 0 0 0 0 0 0 0 0 0 0 0 0 0 0 0 0 0 0 0 0 0 0 0 0 0 0 0 0 0 0 0 0 0 0 0 0 0 0 0 0 0 0 0 0 0 0 0 0 0 0 0 0 0 0 0 0 0 0 0 0 0 0 0 0 0 0 0 0 0 0 0 0 0 0 0 0 0 0 0 0 0 0 0 0 0 0 0
0.08651 0.02934 -0.00312 0.00951 0.01546 -0.00699 0.0004 0.00165 -0.00151 0.00146 -0.00013 0.00001 -0.00002 0.00003 0 0 0 0 0 0 0 0 0 0 0 0 0 0 0 0 0 0 0 0 0 0 0 0 0 0 0 0 0 0 0 0 0 0 0 0 0 0 0 0 0 0 0 0 0 0 0 0 0 0 0 0 0 0 0 0 0 0 0 0 0 0 0 0 0 0 0 0 0 0 0 0 0 0 0 0 0 0 0 0 0 0 0 0 0 0
0.03566 0.01244 -0.00122 0.00533 0.00689 -0.00392 0.00001 0.00003 -0.00003 0.00003 0 0 0 0 0 0 0 0 0 0 0 0 0 0 0 0 0 0 0 0 0 0 0 0 0 0 0 0 0 0 0 0 0 0 0 0 0 0 0 0 0 0 0 0 0 0 0 0 0 0 0 0 0 0 0 0 0 0 0 0 0 0 0 0 0 0 0 0 0 0 0 0 0 0 0 0 0 0 0 0 0 0 0 0 0 0 0 0 0 0
-0.03862 -0.01337 0.00092 -0.00683 -0.00727 0.00398 0.00111 -0.00067 0.00061 -0.00059 0.00005 -0.00001 0.00001 -0.00001 0 0 0 0 0 0 0 0 0 0 0 0 0 0 0 0 0 0 0 0 0 0 0 0 0 0 0 0 0 0 0 0 0 0 0 0 0 0 0 0 0 0 0 0 0 0 0 0 0 0 0 0 0 0 0 0 0 0 0 0 0 0 0 0 0 0 0 0 0 0 0 0 0 0 0 0 0 0 0 0 0 0 0 0 0 0
0.30236 0.09492 -0.01545 0.03781 0.05186 -0.02265 -0.00311 0.00663 -0.00253 0.00244 -0.00022 0.00002 -0.00003 0.00005 0 0 0 0 0 0 0 0 0 0 0 0 0 0 0 0 0 0 0 0 0 0 0 0 0 0 0 0 0 0 0 0 0 0 0 0 0 0 0 0 0 0 0 0 0 0 0 0 0 0 0 0 0 0 0 0 0 0 0 0 0 0 0 0 0 0 0 0 0 0 0 0 0 0 0 0 0 0 0 0 0 0 0 0 0 0
0.12737 0.03669 -0.00904 0.01694 0.02071 -0.00907 -0.00252 0.0034 -0.00012 0.00124 -0.00011 0.00001 -0.00001 0.00002 0 0 0 0 0 0 0 0 0 0 0 0 0 0 0 0 0 0 0 0 0 0 0 0 0 0 0 0 0 0 0 0 0 0 0 0 0 0 0 0 0 0 0 0 0 0 0 0 0 0 0 0 0 0 0 0 0 0 0 0 0 0 0 0 0 0 0 0 0 0 0 0 0 0 0 0 0 0 0 0 0 0 0 0 0 0
-0.13383 -0.04837 0.00221 -0.01198 -0.02239 0.0083 -0.00209 -0.00146 0.00207 -0.00074 0.00142 -0.00014 0.00017 -0.0003 -0.00003 -0.00001 -0.00003 0 0 -0.00001 -0.00001 0 0 0 0 0 0 0 0 0 0 0 0 0 0 0 0 0 0 0 0 0 0 0 0 0 0 0 0 0 0 0 0 0 0 0 0 0 0 0 0 0 0 0 0 0 0 0 0 0 0 0 0 0 0 0 0 0 0 0 0 0 0 0 0 0 0 0 0 0 0 0 0 0 0 0 0 0 0 0
-0.01677 -0.00466 0.00096 -0.00117 -0.00446 0.00196 -0.00058 0.00024 -0.00017 0.00037 -0.00001 0.00031 -0.00038 0.00066 0.00007 0.00003 0.00006 -0.00001 0.00001 0.00002 0.00002 0 0 0 0 0 0 0 0 0 0 0 0 0 0 0 0 0 0 0 0 0 0 0 0 0 0 0 0 0 0 0 0 0 0 0 0 0 0 0 0 0 0 0 0 0 0 0 0 0 0 0 0 0 0 0 0 0 0 0 0 0 0 0 0 0 0 0 0 0 0 0 0 0 0 0 0 0 0 0
-0.20791 -0.06403 0.0122 -0.03018 -0.03389 0.01697 0.00407 -0.00554 0.00161 -0.00304 -0.00033 0.00085 0.00023 -0.00039 -0.00004 -0.00002 -0.00003 0 -0.00001 -0.00001 -0.00001 0 0 0 0 0 0 0 0 0 0 0 0 0 0 0 0 0 0 0 0 0 0 0 0 0 0 0 0 0 0 0 0 0 0 0 0 0 0 0 0 0 0 0 0 0 0 0 0 0 0 0 0 0 0 0 0 0 0 0 0 0 0 0 0 0 0 0 0 0 0 0 0 0 0 0 0 0 0 0
0.56861 0.1661 -0.03809 0.08184 0.09492 -0.04438 -0.01258 0.01558 -0.00257 0.0064 0.00121 -0.0015 -0.00103 -0.00047 -0.00005 -0.00002 -0.00004 0 -0.00001 -0.00001 -0.00002 0 0 0 0 0 0 0 0 0 0 0 0 0 0 0 0 0 0 0 0 0 0 0 0 0 0 0 0 0 0 0 0 0 0 0 0 0 0 0 0 0 0 0 0 0 0 0 0 0 0 0 0 0 0 0 0 0 0 0 0 0 0 0 0 0 0 0 0 0 0 0 0 0 0 0 0 0 0 0
1.13851 0.3309 -0.07981 0.15969 0.18387 -0.08439 -0.02485 0.02909 -0.0032 0.00971 0.00196 -0.00201 -0.00155 -0.00133 0.00185 0.00072 0.00155 -0.00015 0.00025 0.00047 0.00066 -0.00007 0 -0.00001 0.00001 0.00002 0 -0.00001 0 0 0 0 0 0 0 0 0 0 0 0 0 0 0 0 0 0 0 0 0 0 0 0 0 0 0 0 0 0 0 0 0 0 0 0 0 0 0 0 0 0 0 0 0 0 0 0 0 0 0 0 0 0 0 0 0 0 0 0 0 0 0 0 0 0 0 0 0 0 0 0
-0.10266 -0.02619 0.01049 -0.01309 -0.01642 0.00787 0.00266 -0.00178 -0.00093 0.00077 -0.00045 -0.00038 -0.00041 0.00096 -0.00097 0.00006 0.00013 -0.00001 0.00002 0.00004 0.00006 -0.00001 0 0 0 0 0 0 0 0 0 0 0 0 0 0 0 0 0 0 0 0 0 0 0 0 0 0 0 0 0 0 0 0 0 0 0 0 0 0 0 0 0 0 0 0 0 0 0 0 0 0 0 0 0 0 0 0 0 0 0 0 0 0 0 0 0 0 0 0 0 0 0 0 0 0 0 0 0 0
-0.28524 -0.07384 0.02457 -0.04561 -0.04227 0.01754 0.01183 -0.00864 -0.00072 -0.00157 -0.00183 0.00043 0.00143 0.00116 -0.00184 0.00077 -0.00255 0.00024 -0.00041 -0.00077 -0.00108 0.00012 0.00001 0.00001 -0.00001 -0.00003 0 0.00002 0 0 0 0 0 0 0 0 0 0 0 0 0 0 0 0 0 0 0 0 0 0 0 0 0 0 0 0 0 0 0 0 0 0 0 0 0 0 0 0 0 0 0 0 0 0 0 0 0 0 0 0 0 0 0 0 0 0 0 0 0 0 0 0 0 0 0 0 0 0 0 0
-2.6858 -0.80244 0.17276 -0.37139 -0.4435 0.2077 0.04988 -0.06621 0.01181 -0.02544 -0.00376 0.00482 0.00212 0.00177 -0.00219 -0.00151 -0.00062 0.00031 -0.00052 -0.00098 -0.00137 0.00015 0.00001 0.00002 -0.00001 -0.00004 -0.00001 0.00003 0 0 0 0 0 0 0 0 0 0 0 0 0 0 0 0 0 0 0 0 0 0 0 0 0 0 0 0 0 0 0 0 0 0 0 0 0 0 0 0 0 0 0 0 0 0 0 0 0 0 0 0 0 0 0 0 0 0 0 0 0 0 0 0 0 0 0 0 0 0 0 0
-4.38747 -1.29402 0.2951 -0.61332 -0.71866 0.33841 0.0882 -0.11063 0.01591 -0.04187 -0.00792 0.00827 0.00378 0.00316 -0.00499 -0.00255 -0.00296 0.00202 -0.00105 -0.00197 -0.00276 0.00031 0.00002 0.00003 -0.00003 -0.00007 -0.00001 0.00006 0 0 0 0 0 0 0 0 0 0 0 0 0 0 0 0 0 0 0 0 0 0 0 0 0 0 0 0 0 0 0 0 0 0 0 0 0 0 0 0 0 0 0 0 0 0 0 0 0 0 0 0 0 0 0 0 0 0 0 0 0 0 0 0 0 0 0 0 0 0 0 0
3.68688 1.06427 -0.26312 0.51284 0.59353 -0.2695 -0.08034 0.0937 -0.00809 0.03041 0.00671 -0.00652 -0.00442 -0.005 0.00683 0.00188 0.006 -0.00147 -0.00003 0.00259 0.00363 -0.00041 -0.00002 -0.00005 0.00004 0.00009 0.00002 -0.00008 0 0 0 0 0 0 0 0 0 0 0 0 0 0 0 0 0 0 0 0 0 0 0 0 0 0 0 0 0 0 0 0 0 0 0 0 0 0 0 0 0 0 0 0 0 0 0 0 0 0 0 0 0 0 0 0 0 0 0 0 0 0 0 0 0 0 0 0 0 0 0 0
4.88401 1.48762 -0.29274 0.63765 0.83427 -0.39275 -0.06244 0.10926 -0.02086 0.04071 -0.00118 -0.00756 0.00488 -0.00352 0.00483 0.00697 -0.00418 -0.00347 -0.00066 -0.00278 0.00202 -0.00023 -0.00001 -0.00003 0.00002 0.00005 0.00001 -0.00004 0 0 0 0 0 0 0 0 0 0 0 0 0 0 0 0 0 0 0 0 0 0 0 0 0 0 0 0 0 0 0 0 0 0 0 0 0 0 0 0 0 0 0 0 0 0 0 0 0 0 0 0 0 0 0 0 0 0 0 0 0 0 0 0 0 0 0 0 0 0 0 0
-3.45764 -1.04542 0.21111 -0.44088 -0.57948 0.26167 0.04431 -0.07622 0.01168 -0.02317 0.00346 0.00396 -0.00309 0.00278 -0.00595 -0.00536 -0.00006 0.00241 0.00099 0.00149 -0.00232 0.0016 0.00009 0.00018 -0.00015 -0.00037 -0.00006 0.00031 0 0 0 0 0 0 0 0 0 0 0 0 0 0 0 0 0 0 0 0 0 0 0 0 0 0 0 0 0 0 0 0 0 0 0 0 0 0 0 0 0 0 0 0 0 0 0 0 0 0 0 0 0 0 0 0 0 0 0 0 0 0 0 0 0 0 0 0 0 0 0 0
7.28584 2.12729 -0.50318 1.01931 1.18806 -0.55275 -0.15184 0.18492 -0.02195 0.06688 0.01409 -0.01384 -0.00755 -0.0079 0.01064 0.00339 0.00853 -0.00362 0.00144 0.00366 0.00582 -0.00021 0.00019 0.00037 -0.0003 -0.00077 -0.00013 0.00065 0 0 0 0 0 0 0 0 0 0 0 0 0 0 0 0 0 0 0 0 0 0 0 0 0 0 0 0 0 0 0 0 0 0 0 0 0 0 0 0 0 0 0 0 0 0 0 0 0 0 0 0 0 0 0 0 0 0 0 0 0 0 0 0 0 0 0 0 0 0 0 0
-6.01469 -1.81643 0.37107 -0.78974 -1.01597 0.47417 0.0837 -0.13673 0.02223 -0.04865 0.00157 0.00845 -0.00401 0.00411 -0.00818 -0.00892 0.00121 0.00471 0.0003 0.00236 -0.0032 0.00114 0.00106 -0.00028 0.00023 0.00058 0.00009 -0.00049 0 0 0 0 0 0 0 0 0 0 0 0 0 0 0 0 0 0 0 0 0 0 0 0 0 0 0 0 0 0 0 0 0 0 0 0 0 0 0 0 0 0 0 0 0 0 0 0 0 0 0 0 0 0 0 0 0 0 0 0 0 0 0 0 0 0 0 0 0 0 0 0
0.25321 -0.02493 -0.08762 0.09813 -0.01291 0.01921 -0.06338 0.02816 0.00979 0.00662 0.01659 -0.00362 -0.01494 -0.00372 0.00283 -0.00711 0.01436 0.00161 0.00089 0.0082 0.00367 0.00045 0.0013 -0.00103 -0.00004 -0.0001 -0.00002 0.00009 0 0 0 0 0 0 0 0 0 0 0 0 0 0 0 0 0 0 0 0 0 0 0 0 0 0 0 0 0 0 0 0 0 0 0 0 0 0 0 0 0 0 0 0 0 0 0 0 0 0 0 0 0 0 0 0 0 0 0 0 0 0 0 0 0 0 0 0 0 0 0 0
-6.15712 -1.91605 0.33864 -0.76774 -1.06286 0.49476 0.05247 -0.12764 0.02991 -0.04647 0.01177 0.00751 -0.01036 0.00279 -0.00719 -0.0122 0.00741 0.00458 0.00176 0.00621 -0.00216 0.00162 0.00117 -0.00084 0.00108 0.00011 0.00002 -0.00009 0 0 0 0 0 0 0 0 0 0 0 0 0 0 0 0 0 0 0 0 0 0 0 0 0 0 0 0 0 0 0 0 0 0 0 0 0 0 0 0 0 0 0 0 0 0 0 0 0 0 0 0 0 0 0 0 0 0 0 0 0 0 0 0 0 0 0 0 0 0 0 0
15.20302 4.68521 -0.86619 1.91592 2.59953 -1.19924 -0.15456 0.32127 -0.06626 0.11013 -0.02352 -0.01773 0.02091 -0.00966 0.02206 0.02735 -0.01047 -0.01101 -0.00314 -0.01128 0.00714 -0.00503 -0.00295 0.00175 -0.00109 -0.00065 0.00016 -0.00083 0 0 0 0 0 0 0 0 0 0 0 0 0 0 0 0 0 0 0 0 0 0 0 0 0 0 0 0 0 0 0 0 0 0 0 0 0 0 0 0 0 0 0 0 0 0 0 0 0 0 0 0 0 0 0 0 0 0 0 0 0 0 0 0 0 0 0 0 0 0 0 0
18.77077 5.98208 -0.92655 2.1849 3.2821 -1.51522 -0.05612 0.33732 -0.09549 0.10544 -0.07875 -0.01189 0.05447 -0.01102 0.04367 0.05056 -0.02509 -0.01654 -0.00475 -0.03297 0.00608 -0.01139 -0.01066 0.01013 -0.00688 -0.00548 -0.0047 -0.0009 0 0 0 0 0 0 0 0 0 0 0 0 0 0 0 0 0 0 0 0 0 0 0 0 0 0 0 0 0 0 0 0 0 0 0 0 0 0 0 0 0 0 0 0 0 0 0 0 0 0 0 0 0 0 0 0 0 0 0 0 0 0 0 0 0 0 0 0 0 0 0 0
27.24045 8.18018 -1.70705 3.6023 4.56855 -2.10484 -0.40917 0.63451 -0.1024 0.22528 0.00243 -0.04365 0.00568 -0.02136 0.0337 0.03137 0.00377 -0.01681 -0.00309 -0.00504 0.01681 -0.0046 -0.00079 -0.00024 -0.00149 -0.00088 -0.00033 0.00089 0.00126 0.00156 -0.00024 -0.00031 0.00003 -0.00012 -0.00018 0.00001 0.00001 0 0.00001 0.00001 0 -0.00001 0 0 0 0 0 0 0 0 0 0 0 0 0 0 0 0 0 0 0 0 0 0 0 0 0 0 0 0 0 0 0 0 0 0 0 0 0 0 0 0 0 0 0 0 0 0 0 0 0 0 0 0 0 0 0 0 0 0
-43.35535 -13.23858 2.56495 -5.57443 -7.35191 3.41048 0.52081 -0.94934 0.18007 -0.33255 0.04167 0.05792 -0.04023 0.03115 -0.06704 -0.06817 0.01293 0.02985 0.00385 0.02555 -0.02277 0.01175 0.00888 -0.00747 0.00617 0.00492 0.00316 -0.00073 -0.0001 -0.0014 0.00022 0.00028 -0.00002 0.0001 0.00016 -0.00001 0 0 -0.00001 -0.00001 0 0.00001 0 0 0 0 0 0 0 0 0 0 0 0 0 0 0 0 0 0 0 0 0 0 0 0 0 0 0 0 0 0 0 0 0 0 0 0 0 0 0 0 0 0 0 0 0 0 0 0 0 0 0 0 0 0 0 0 0 0
6.94673 1.76591 -0.67989 1.21937 1.0118 -0.49261 -0.32582 0.25168 -0.00245 0.10458 0.07559 -0.0279 -0.04858 -0.01167 0.00361 -0.0181 0.03282 0.00114 0.00774 0.02571 0.01038 0.00568 0.00388 -0.00307 0.00038 -0.00034 0.00019 0.00212 -0.00062 0.00013 -0.00076 -0.00097 0.00009 -0.00037 -0.00056 0.00003 0.00002 0 0.00003 0.00004 0.00001 -0.00002 0 0 0 0 0 0 0 0 0 0 0 0 0 0 0 0 0 0 0 0 0 0 0 0 0 0 0 0 0 0 0 0 0 0 0 0 0 0 0 0 0 0 0 0 0 0 0 0 0 0 0 0 0 0 0 0 0 0
8.66681 2.82666 -0.39664 1.05663 1.54251 -0.77609 -0.02135 0.15569 -0.06073 0.07322 -0.03102 -0.00866 0.02548 -0.00114 0.01713 0.02459 -0.02134 -0.00787 0.00495 -0.01763 -0.00074 -0.00191 -0.00876 0.01024 -0.00732 -0.00655 -0.00401 0.00203 -0.00246 -0.00113 0.00062 -0.00102 0.00009 -0.00038 -0.00059 0.00003 0.00002 0 0.00003 0.00004 0.00001 -0.00002 0 0 0 0 0 0 0 0 0 0 0 0 0 0 0 0 0 0 0 0 0 0 0 0 0 0 0 0 0 0 0 0 0 0 0 0 0 0 0 0 0 0 0 0 0 0 0 0 0 0 0 0 0 0 0 0 0 0
-20.90292 -6.74148 0.97533 -2.42761 -3.72588 1.74256 0.03192 -0.37286 0.12125 -0.13345 0.08551 0.01418 -0.07226 0.00262 -0.02447 -0.0595 0.0526 0.02057 0.00843 0.03909 -0.00127 0.00949 0.00734 -0.00549 0.0018 0.00097 -0.00043 0.0014 0.00018 -0.00002 -0.00091 -0.0001 0.00014 -0.0006 -0.00092 0.00005 0.00003 0 0.00004 0.00006 0.00002 -0.00003 0 0 0 0 0 0 0 0 0 0 0 0 0 0 0 0 0 0 0 0 0 0 0 0 0 0 0 0 0 0 0 0 0 0 0 0 0 0 0 0 0 0 0 0 0 0 0 0 0 0 0 0 0 0 0 0 0 0
103.90838 32.88032 -5.31112 12.47356 18.11429 -8.43766 -0.53618 1.972 -0.52672 0.66873 -0.33727 -0.08461 0.26408 -0.04983 0.18602 0.25357 -0.14916 -0.0887 -0.02098 -0.15035 0.03 -0.04918 -0.04414 0.03993 -0.0211 -0.01766 -0.01055 -0.00518 -0.00302 -0.00147 0.0023 0.00037 -0.00195 0.00101 0.00155 -0.00008 -0.00004 0 -0.00007 -0.0001 -0.00003 0.00005 0 0.00001 0 0 0 0 0 0 0 0 0 0 0 0 0 0 0 0 0 0 0 0 0 0 0 0 0 0 0 0 0 0 0 0 0 0 0 0 0 0 0 0 0 0 0 0 0 0 0 0 0 0 0 0 0 0 0 0
161.5521 50.70948 -8.56908 19.76074 27.98637 -13.06131 -1.10281 3.182 -0.78913 1.10436 -0.42907 -0.15586 0.34623 -0.08485 0.27751 0.3603 -0.19184 -0.13178 -0.02427 -0.20025 0.05536 -0.06624 -0.0616 0.0565 -0.03305 -0.02831 -0.01673 -0.00339 -0.00464 -0.00106 0.00254 -0.00109 -0.00231 -0.00032 0.0022 -0.00012 -0.00006 -0.00001 -0.0001 -0.00015 -0.00004 0.00007 0 0.00001 0 0 0 0 0 0 0 0 0 0 0 0 0 0 0 0 0 0 0 0 0 0 0 0 0 0 0 0 0 0 0 0 0 0 0 0 0 0 0 0 0 0 0 0 0 0 0 0 0 0 0 0 0 0 0 0
150.28978 47.43739 -7.76605 18.15236 26.19631 -12.20849 -0.84372 2.89736 -0.76025 1.00391 -0.45321 -0.136 0.36273 -0.0704 0.24947 0.35465 -0.21047 -0.12896 -0.03166 -0.20915 0.04436 -0.06459 -0.0576 0.05168 -0.03034 -0.02525 -0.01479 -0.00335 -0.0017 0.00088 0.0028 -0.00057 -0.00132 0.00058 0.00195 -0.0007 -0.00038 -0.00003 -0.00062 -0.00087 -0.00026 0.00041 0 0.00006 -0.00001 0 0 0 0 0 0 0 0 0 0 0 0 0 0 0 0 0 0 0 0 0 0 0 0 0 0 0 0 0 0 0 0 0 0 0 0 0 0 0 0 0 0 0 0 0 0 0 0 0 0 0 0 0 0 0
58.38653 20.23108 -1.7012 5.67609 11.0011 -5.17492 0.79217 0.66821 -0.45581 0.21391 -0.53668 0.02521 0.40089 0.01949 0.11216 0.2752 -0.2756 -0.0798 -0.03593 -0.22058 -0.02333 -0.05318 -0.05286 0.04782 -0.01996 -0.01624 -0.00824 -0.0094 -0.00268 -0.00364 0.00578 0.00141 -0.00116 0.003 0.00387 0.00064 -0.0007 -0.00006 -0.00114 -0.00161 -0.00048 0.00076 0 0.0001 -0.00002 0 0 0 0 0 0 0 0 0 0 0 0 0 0 0 0 0 0 0 0 0 0 0 0 0 0 0 0 0 0 0 0 0 0 0 0 0 0 0 0 0 0 0 0 0 0 0 0 0 0 0 0 0 0 0
451.8141 145.37324 -21.3702 52.62811 79.94657 -37.45137 -0.88549 8.02649 -2.54376 2.79639 -1.88832 -0.29449 1.46955 -0.13724 0.78832 1.27138 -0.92057 -0.43292 -0.1103 -0.83464 0.07415 -0.23186 -0.23105 0.21307 -0.11505 -0.09935 -0.05487 -0.01722 -0.01521 -0.00901 0.01749 -0.00184 -0.00453 0.00378 0.0109 0.00097 -0.0043 -0.00012 -0.00243 -0.00342 -0.00102 0.0016 0.00001 0.00022 -0.00005 0 0 0 0 0 0 0 0 0 0 0 0 0 0 0 0 0 0 0 0 0 0 0 0 0 0 0 0 0 0 0 0 0 0 0 0 0 0 0 0 0 0 0 0 0 0 0 0 0 0 0 0 0 0 0
210.25275 70.18343 -8.06075 22.44735 38.45503 -18.00146 1.22006 3.09286 -1.41077 1.04845 -1.39396 -0.0287 1.05943 0.00601 0.36209 0.78434 -0.71214 -0.24756 -0.10041 -0.58922 -0.02359 -0.14514 -0.13961 0.12365 -0.05883 -0.04887 -0.02472 -0.01847 -0.00332 -0.00513 0.01425 0.00207 -0.00075 0.00558 0.0099 0.00108 -0.00377 -0.00131 -0.00278 -0.0039 -0.00117 0.00183 0.00001 0.00025 -0.00006 0 0 0 0 0 0 0 0 0 0 0 0 0 0 0 0 0 0 0 0 0 0 0 0 0 0 0 0 0 0 0 0 0 0 0 0 0 0 0 0 0 0 0 0 0 0 0 0 0 0 0 0 0 0 0
142.67918 45.96381 -6.70084 16.54119 25.31527 -11.85251 -0.21804 2.51835 -0.8061 0.87725 -0.61276 -0.09274 0.47676 -0.04286 0.24738 0.40802 -0.29833 -0.13989 -0.03818 -0.27297 0.02215 -0.07294 -0.07344 0.06714 -0.03862 -0.03345 -0.01976 -0.00251 -0.00322 -0.00017 0.00497 -0.00094 -0.00051 -0.0001 0.00338 -0.00019 -0.00161 -0.0006 0.00003 -0.00152 -0.00045 0.00071 0 0.0001 -0.00002 0 0 0 0 0 0 0 0 0 0 0 0 0 0 0 0 0 0 0 0 0 0 0 0 0 0 0 0 0 0 0 0 0 0 0 0 0 0 0 0 0 0 0 0 0 0 0 0 0 0 0 0 0 0 0
10.93485 8.95346 3.48544 -2.90984 4.57859 -2.24305 3.40335 -1.15123 -0.56944 -0.41189 -1.11561 0.21322 0.81871 0.15187 0.00979 0.43678 -0.62855 -0.10752 -0.08971 -0.44421 -0.12387 -0.07787 -0.08252 0.06974 -0.02448 -0.01831 -0.00525 -0.0166 0.00251 -0.0053 0.01431 0.00349 0.00326 0.0073 0.00956 0.00194 -0.0046 -0.00176 -0.004 -0.00528 -0.0008 0.00125 0.00001 0.00017 -0.00004 0 0 0 0 0 0 0 0 0 0 0 0 0 0 0 0 0 0 0 0 0 0 0 0 0 0 0 0 0 0 0 0 0 0 0 0 0 0 0 0 0 0 0 0 0 0 0 0 0 0 0 0 0 0 0
575.06595 187.08494 -25.69652 65.46557 102.7758 -48.2158 0.1392 9.72191 -3.4356 3.39277 -2.79121 -0.29408 2.16855 -0.11031 0.9817 1.77089 -1.41894 -0.5864 -0.17356 -1.22032 0.0405 -0.32058 -0.31918 0.29052 -0.14819 -0.12531 -0.06632 -0.03074 -0.01887 -0.01344 0.02679 -0.00092 -0.00556 0.00899 0.017 0.00148 -0.00523 -0.00062 -0.00517 -0.00643 -0.00243 0.00222 0.00001 0.0003 -0.00007 0 0 0 0 0 0 0 0 0 0 0 0 0 0 0 0 0 0 0 0 0 0 0 0 0 0 0 0 0 0 0 0 0 0 0 0 0 0 0 0 0 0 0 0 0 0 0 0 0 0 0 0 0 0 0
-772.24554 -251.56055 34.26521 -87.60958 -138.13628 64.79371 -0.40735 -12.9521 4.6309 -4.49566 3.83132 0.37373 -2.96361 0.14742 -1.343 -2.40699 1.92902 0.79145 0.23633 1.66678 -0.05004 0.44023 0.43926 -0.40048 0.2031 0.17265 0.09275 0.04328 0.02693 0.01959 -0.0368 -0.00013 0.0083 -0.01179 -0.02388 -0.00227 0.00744 0.00131 0.006 0.00834 0.00287 -0.00331 0.00002 0.00047 -0.00011 0 0 0 0 0 0 0 0 0 0 0 0 0 0 0 0 0 0 0 0 0 0 0 0 0 0 0 0 0 0 0 0 0 0 0 0 0 0 0 0 0 0 0 0 0 0 0 0 0 0 0 0 0 0 0
-618.12905 -193.53548 33.16321 -76.105 -106.88796 49.96835 4.55843 -12.32093 2.98602 -4.31675 1.51886 0.62765 -1.24924 0.33413 -1.0522 -1.33879 0.6868 0.50061 0.07664 0.72856 -0.21994 0.24017 0.23104 -0.21496 0.12974 0.11294 0.06663 0.00506 0.0193 0.00261 -0.00868 0.00626 0.00805 0.00162 -0.00648 0.00144 0.00074 -0.00046 0.00026 0.00095 0.00106 -0.00061 0.00116 0.00094 -0.00022 0 0 0 0 0 0 0 0 0 0 0 0 0 0 0 0 0 0 0 0 0 0 0 0 0 0 0 0 0 0 0 0 0 0 0 0 0 0 0 0 0 0 0 0 0 0 0 0 0 0 0 0 0 0 0
-436.66163 -132.15297 26.79611 -57.4036 -73.36948 34.28023 6.12558 -9.87815 1.71313 -3.52635 0.13536 0.64541 -0.2109 0.35371 -0.71146 -0.59371 -0.00595 0.27461 -0.02032 0.15623 -0.25555 0.09543 0.09257 -0.0918 0.07618 0.06812 0.04387 -0.01784 0.01366 -0.00492 0.00529 0.00957 0.0054 0.00773 0.00389 0.00284 -0.00202 -0.00144 -0.00226 -0.00291 -0.00017 0.00104 0.00102 0.00054 -0.00114 0 0 0 0 0 0 0 0 0 0 0 0 0 0 0 0 0 0 0 0 0 0 0 0 0 0 0 0 0 0 0 0 0 0 0 0 0 0 0 0 0 0 0 0 0 0 0 0 0 0 0 0 0 0 0
1703.05639 537.96062 -87.97307 205.57984 296.61341 -138.69587 -9.39033 32.67175 -8.68713 11.42356 -5.17545 -1.51871 4.15504 -0.77889 2.89161 4.05659 -2.43937 -1.46516 -0.29478 -2.39419 0.48926 -0.73036 -0.70447 0.64887 -0.37626 -0.32335 -0.18642 -0.03235 -0.04848 -0.01235 0.03796 -0.0122 -0.01873 0.00344 0.02433 -0.00179 -0.00664 0.00009 -0.00367 -0.00654 -0.00358 0.00406 -0.0012 -0.00088 0.00097 -0.00111 0.0002 -0.00001 0.00002 0.00001 0.00001 -0.00001 0 0 0 0 0 0 0 0 0 0 0 0 0 0 0 0 0 0 0 0 0 0 0 0 0 0 0 0 0 0 0 0 0 0 0 0 0 0 0 0 0 0 0 0 0 0 0 0
1208.21957 359.43033 -78.25538 164.9869 200.70553 -93.48807 -21.45774 29.22311 -4.07278 10.37789 0.99113 -2.07573 -0.42198 -1.19527 1.99154 1.1245 0.81966 -0.64144 0.14823 0.1161 0.88093 -0.17762 -0.14808 0.15712 -0.17516 -0.15995 -0.11233 0.0669 -0.03443 0.02451 -0.03363 -0.0284 -0.01822 -0.02999 -0.0219 -0.01011 0.01106 0.00533 0.01131 0.01365 0.00123 -0.00308 -0.00337 -0.00227 0.00251 -0.0012 -0.00083 0.00005 -0.00008 -0.00005 -0.00003 0.00003 0 0 0 0 0 0 0 0 0 0 0 0 0 0 0 0 0 0 0 0 0 0 0 0 0 0 0 0 0 0 0 0 0 0 0 0 0 0 0 0 0 0 0 0 0 0 0 0
-1905.58585 -584.91108 126.46769 -184.81766 -299.0399 140.10788 -3.53392 -26.7226 10.27125 -9.12904 9.12684 0.60084 -7.00983 0.22703 -2.94576 -5.50366 4.58098 1.77323 0.58394 3.89959 -0.02543 1.03266 1.0039 -0.91265 0.42646 0.36647 0.18589 0.132 0.05957 0.05446 -0.09098 -0.0088 0.02626 -0.03511 -0.06674 -0.007 0.01564 0.00313 0.01719 0.02228 0.00843 -0.01051 0.00225 0.00248 0.00266 -0.00111 0.00115 0.00175 -0.00284 -0.00186 -0.00108 0.00106 0.00008 0 -0.00018 -0.00001 0.00001 0.00006 0 0 0 0 0 0 0 0 0 0 0 0 0 0 0 0 0 0 0 0 0 0 0 0 0 0 0 0 0 0 0 0 0 0 0 0 0 0 0 0 0 0
1717.84782 550.63678 -86.47777 187.85087 297.17331 -139.33208 1.20089 27.70152 -9.98791 9.59079 -8.34761 -0.781 6.44568 -0.30691 2.89484 5.21189 -4.18958 -1.7124 -0.51882 -3.61793 0.10169 -0.95821 -0.94916 0.86647 -0.43296 -0.36978 -0.19517 -0.09928 -0.05651 -0.0427 0.08103 0.00072 -0.01947 0.02667 0.05384 0.0051 -0.0158 -0.00207 -0.01477 -0.01937 -0.00683 0.00795 -0.00052 -0.00005 -0.00128 0.00068 0 -0.0014 0.00067 0.00044 0.00025 -0.00025 -0.00002 0 0.00004 0 0 -0.00001 0 0 0 0 0 0 0 0 0 0 0 0 0 0 0 0 0 0 0 0 0 0 0 0 0 0 0 0 0 0 0 0 0 0 0 0 0 0 0 0 0 0
2087.709 575.11646 -208.61419 171.95921 262.06378 -122.76212 -2.85733 26.14776 -8.2832 9.05352 -6.20809 -0.93507 4.89787 -0.45596 2.61129 4.19704 -3.06588 -1.42493 -0.34577 -2.71842 0.24046 -0.78594 -0.76116 0.7071 -0.32909 -0.30076 -0.14459 -0.08924 -0.06844 -0.04752 0.05928 -0.00302 -0.03457 0.01767 0.053 0.00365 -0.00663 0.00132 -0.01163 -0.01426 -0.00909 0.008 -0.00676 -0.00594 -0.00435 0.00231 -0.00307 -0.00274 0.0035 0.00462 0.00268 -0.00263 -0.00019 -0.00001 0.00045 0.00001 -0.00003 -0.00015 0.00001 0 0 0 0 0 0 0 0 0 0 0 0 0 0 0 0 0 0 0 0 0 0 0 0 0 0 0 0 0 0 0 0 0 0 0 0 0 0 0 0 0
-1850.07714 -652.20279 12.52965 -296.03167 -406.99886 190.30141 20.73454 -48.59155 11.02486 -17.1047 4.77701 2.64696 -3.99905 1.41084 -3.98808 -4.72607 2.05829 1.82434 0.21751 2.40552 -0.94881 0.82984 0.80597 -0.75578 0.50344 0.42689 0.26883 -0.01603 0.06252 -0.00984 -0.01771 0.03025 0.02301 0.01418 -0.00255 0.00899 -0.00146 -0.00353 -0.00211 -0.00047 0.00204 -0.00073 0.00001 -0.00187 -0.00351 0.00114 -0.00142 0.00071 0.0016 0.00149 0.00228 -0.00224 -0.00017 -0.00001 0.00039 0.00001 -0.00003 -0.00013 0 0 0 0 0 0 0 0 0 0 0 0 0 0 0 0 0 0 0 0 0 0 0 0 0 0 0 0 0 0 0 0 0 0 0 0 0 0 0 0 0 0
375.41312 -173.90206 -378.67472 -271.27696 -302.31764 140.93341 44.52707 -50.18492 4.84707 -18.10349 -5.15816 4.07251 3.4013 2.30372 -2.90737 -0.34318 -3.26018 0.67465 -0.46489 -1.49075 -1.74322 -0.05946 -0.0476 0.01164 0.32809 0.25088 0.25194 -0.26588 0.00455 -0.12508 0.11231 0.07002 -0.01624 0.08736 0.11584 0.02871 -0.02196 -0.0079 -0.03797 -0.03996 -0.01453 0.01805 -0.01069 -0.01147 -0.01545 0.00714 -0.00799 -0.00524 0.01105 0.0106 0.00724 -0.00978 -0.00072 -0.00003 0.00168 0.00005 -0.00011 -0.00057 0.00002 0.00001 0.00002 -0.00001 0 0 0 0 0 0 0 0 0 0 0 0 0 0 0 0 0 0 0 0 0 0 0 0 0 0 0 0 0 0 0 0 0 0 0 0 0 0
-1174.63356 -660.59396 -278.99162 -395.15617 -543.3041 254.30908 27.0352 -64.9998 15.08414 -23.21729 6.47627 3.6054 -5.24139 1.7896 -5.16604 -6.29925 2.81051 2.42311 0.32156 3.37525 -1.1989 1.02156 1.0955 -1.01443 0.84594 0.65571 0.48242 -0.13768 0.03296 -0.0798 -0.01245 0.055 -0.02998 0.03745 0.06015 0.01686 0.00877 -0.0001 -0.01501 -0.00736 -0.0102 0.01009 -0.02326 -0.02325 -0.01762 0.00775 -0.01364 -0.00583 0.01579 0.01614 0.01152 -0.01599 -0.00063 -0.00002 0.00147 0.00004 -0.0001 -0.0005 0.00002 0 0.00001 0 0 0 0 0 0 0 0 0 0 0 0 0 0 0 0 0 0 0 0 0 0 0 0 0 0 0 0 0 0 0 0 0 0 0 0 0 0 0
-1131.32285 -183.19078 275.55634 63.71414 26.71867 -12.02193 -26.57835 15.20952 2.30807 5.52525 7.12797 -1.93648 -5.1618 -1.22768 0.35175 -2.38417 4.03722 0.46687 0.54012 2.70319 0.98563 0.47433 0.49101 -0.42395 0.05792 0.0534 -0.028 0.17025 0.00956 0.0759 -0.10427 -0.03568 0.0012 -0.06019 -0.08145 -0.01884 0.02563 0.00798 0.02841 0.03294 0.00882 -0.01165 0.0022 0.00247 0.00593 -0.00302 0.00221 0.00228 -0.0041 -0.00302 -0.00251 0.00349 -0.00065 0.00002 -0.00104 -0.00003 0.00007 0.00035 -0.00001 0 -0.00001 0 0 0 0 0 0 0 0 0 0 0 0 0 0 0 0 0 0 0 0 0 0 0 0 0 0 0 0 0 0 0 0 0 0 0 0 0 0 0
785.39539 306.31343 31.18833 158.61255 209.97948 -97.99017 -14.08311 26.50024 -5.09159 9.08521 -1.56811 -1.52825 1.46002 -0.93502 2.19301 2.13059 -0.49467 -0.87003 -0.04745 -0.82722 0.64179 -0.4199 -0.34328 0.32811 -0.17193 -0.16789 -0.08921 -0.02951 -0.05191 -0.01486 0.00011 -0.00776 -0.04012 -0.0068 0.0183 -0.0053 0.00958 0.00424 0.00381 0.0039 -0.00517 0.00469 -0.00869 -0.00891 -0.00259 0.00006 -0.00394 -0.0016 0.00395 0.00453 0.00269 -0.00338 -0.00084 -0.00101 -0.00034 -0.00001 0.00002 0.00011 0 0 0 0 0 0 0 0 0 0 0 0 0 0 0 0 0 0 0 0 0 0 0 0 0 0 0 0 0 0 0 0 0 0 0 0 0 0 0 0 0 0
5268.78895 1399.86841 -573.02693 439.48238 623.87589 -291.16186 -24.77722 71.16638 -17.84736 25.16969 -9.28484 -3.58938 7.50597 -1.82711 6.00747 7.91911 -4.2695 -2.93269 -0.49562 -4.47616 1.17964 -1.37802 -1.37424 1.27222 -0.84285 -0.6945 -0.44473 0.01523 -0.08344 0.01517 0.05145 -0.03925 -0.01708 -0.01097 0.00477 -0.01126 -0.0082 0.00117 0.00244 -0.00385 -0.00116 0.00128 0.00732 0.00763 0.00958 -0.00469 0.00541 0.00197 -0.00617 -0.00666 -0.00516 0.00613 0.00036 -0.00095 -0.00142 0.00004 -0.00008 -0.00042 0.00002 0 0.00001 0 0 0 0 0 0 0 0 0 0 0 0 0 0 0 0 0 0 0 0 0 0 0 0 0 0 0 0 0 0 0 0 0 0 0 0 0 0 0
-527.07754 272.06278 535.77742 297.25906 411.35998 -192.65594 -18.7065 48.49136 -11.58211 17.19233 -5.48884 -2.60398 4.35269 -1.29684 3.9152 4.965 -2.39023 -1.87527 -0.32726 -2.77484 0.85707 -0.81577 -0.8536 0.77677 -0.65151 -0.49807 -0.37271 0.09626 -0.00909 0.06618 0.01564 -0.03408 0.0314 -0.02595 -0.04198 -0.01146 -0.01365 -0.00378 0.01296 0.00595 0.01125 -0.00763 0.02005 0.01805 0.01488 -0.00752 0.01149 0.00638 -0.0122 -0.01468 -0.00835 0.01234 0.00048 0.0003 -0.00096 0.0011 0.00014 0.00073 -0.00003 -0.00001 -0.00002 0.00001 0 0 0 0 0 0 0 0 0 0 0 0 0 0 0 0 0 0 0 0 0 0 0 0 0 0 0 0 0 0 0 0 0 0 0 0 0 0
-2004.14785 488.17393 1412.98286 716.87014 951.6966 -445.87557 -59.71733 119.72004 -24.65402 42.35989 -7.92953 -7.10474 6.73651 -3.77231 9.27216 9.82955 -2.88371 -3.98942 -0.33354 -4.51684 2.60377 -1.61541 -1.65455 1.54107 -1.35144 -1.06297 -0.79341 0.25298 -0.06557 0.14685 -0.02391 -0.09795 0.02623 -0.08426 -0.10927 -0.0349 -0.00124 0.00284 0.03624 0.0269 0.01866 -0.01787 0.03059 0.03018 0.02727 -0.01284 0.01945 0.00946 -0.02211 -0.02366 -0.01647 0.02279 0.00006 0.00089 -0.00216 0.00057 -0.00075 0.00191 -0.00007 -0.00002 -0.00005 0.00002 0.00001 0 0 0 0 0 0 0 0 0 0 0 0 0 0 0 0 0 0 0 0 0 0 0 0 0 0 0 0 0 0 0 0 0 0 0 0 0
60030.96928 10601.24925 -12711.45596 662.05132 1004.74242 -453.01688 -41.11246 113.0627 -29.25424 41.56953 -13.06205 -5.77041 10.25256 -2.91744 9.08055 11.48441 -5.62162 -4.31971 -0.72013 -6.35182 1.95189 -1.95648 -1.97887 1.81649 -1.36843 -1.0816 -0.76011 0.12123 -0.07079 0.09139 0.04738 -0.06813 0.01913 -0.03979 -0.04901 -0.02317 -0.01723 -0.00281 0.01738 0.00508 0.01173 -0.00741 0.02782 0.02653 0.02371 -0.0121 0.01714 0.00841 -0.01808 -0.02094 -0.01428 0.01861 0.00042 0.00004 -0.0025 0.00045 -0.00021 0.00124 0.00051 0.00014 0.00038 -0.00012 -0.00004 0 0 0.00001 0 0 0 0 0 0 0 0 0 0 0 0 0 0 0 0 0 0 0 0 0 0 0 0 0 0 0 0 0 0 0 0 0 0
65404.86027 9550.57286 -16156.03062 -881.8209 -1179.77788 572.98156 36.04253 -133.12415 34.35881 -44.92857 22.94313 6.29907 -18.40117 3.06218 -12.03706 -17.62453 11.12854 6.28257 1.36329 10.82784 -1.82405 3.06974 3.10465 -2.84681 1.83061 1.48782 0.94447 0.02156 0.14748 -0.01814 -0.16215 0.06487 0.00718 -0.00523 -0.03294 0.01337 0.03894 0.0049 0.00909 0.0248 0.00014 -0.00371 -0.02349 -0.0233 -0.02079 0.00974 -0.01514 -0.00585 0.01531 0.01837 0.01225 -0.0158 -0.00134 0.00051 0.00189 -0.00095 -0.00024 0.00034 -0.00078 0.00018 0.00051 -0.00016 -0.00005 -0.00001 0 0.00001 0 0 0 0 0 0 0 0 0 0 0 0 0 0 0 0 0 0 0 0 0 0 0 0 0 0 0 0 0 0 0 0 0 0
13390.64559 939.85671 -4509.83824 -1111.52188 -1446.01488 681.38362 97.85667 -185.73834 36.71082 -65.89115 10.039 11.38053 -9.02899 5.95444 -14.0264 -14.38288 3.63221 5.99219 0.28218 6.19336 -4.15622 2.28344 2.40524 -2.26827 2.02389 1.61667 1.1847 -0.44263 0.13042 -0.21655 0.05044 0.17329 -0.03422 0.14091 0.17092 0.05417 -0.00085 -0.00858 -0.05312 -0.04434 -0.02665 0.03196 -0.03956 -0.04053 -0.04316 0.01748 -0.0269 -0.01322 0.03255 0.0342 0.02311 -0.03077 -0.00239 -0.00101 0.00293 -0.00094 0.00097 -0.00088 -0.00042 0.00151 0.00015 -0.00005 -0.00002 0 0 0 0 0 0 0 0 0 0 0 0 0 0 0 0 0 0 0 0 0 0 0 0 0 0 0 0 0 0 0 0 0 0 0 0 0
-826092.85671 -133780.18474 188927.2143 733.25327 4.2727 -245.30482 17.02772 30.02094 7.43525 -14.8298 -30.01664 -0.89564 26.0579 -0.7892 9.21592 18.96943 -17.06918 -5.91061 -2.25899 -14.01613 -0.50107 -3.66206 -3.46653 3.12499 -1.26402 -1.12561 -0.49232 -0.61673 -0.21591 -0.26747 0.36538 0.07608 -0.118 0.1612 0.31095 0.03868 -0.07173 -0.01731 -0.0691 -0.08612 -0.03329 0.04804 -0.02042 -0.02759 -0.0159 0.00395 -0.01209 -0.00449 0.01984 0.01283 0.01314 -0.01679 -0.00096 -0.00186 0.00027 0.0015 0.00016 0.00021 0.0002 0.00013 0.00133 0.00184 0.00062 0.00007 -0.00001 -0.00008 0.00003 -0.00005 -0.00004 -0.00002 0.00001 0.00003 -0.00001 0 0 0 0 0 0 0 0 0 0 0 0 0 0 0 0 0 0 0 0 0 0 0 0 0 0 0
2412578.26961 390480.15209 -552109.57441 -2694.62342 -423.68258 907.15568 117.93734 -207.61262 -26.54651 -2.50281 48.08774 16.12566 -47.70034 9.79161 -30.391 -44.07407 27.97669 15.65074 3.3253 26.86235 -4.56363 7.94713 7.81359 -7.21166 4.18315 3.55166 2.08856 0.36532 0.53566 0.15823 -0.44411 0.11607 0.17904 -0.05244 -0.24957 0.01271 0.07569 0.00065 0.03766 0.06771 0.0294 -0.03434 -0.00412 -0.00094 -0.01811 0.00864 -0.00789 -0.00187 0.00643 0.01121 0.00535 -0.00981 -0.00013 0.00216 0.00172 -0.00188 0.00061 0.00046 -0.00034 0.0014 -0.00012 -0.00118 -0.0018 -0.0002 0.00004 0.00025 -0.00009 0.00014 0.0001 0.00005 -0.00002 -0.0001 0.00002 -0.00001 -0.00001 0 0 0 0 0 0 0 0 0 0 0 0 0 0 0 0 0 0 0 0 0 0 0 0 0
-15254121.96496 -2488254.49566 3468577.49257 1658.30107 -19244.83242 4559.22243 -14.96275 -1126.27949 807.51949 -837.25036 70.96383 13.61782 0.26674 -3.1419 -23.33545 -19.69764 -0.14059 8.79679 -0.94702 5.49368 -8.01676 2.94952 3.2154 -3.20713 2.83184 2.39811 1.6467 -0.76101 0.42301 -0.23422 0.16253 0.35764 0.07601 0.26483 0.26206 0.0912 -0.07026 -0.0578 -0.07031 -0.0819 -0.00623 0.05141 -0.01395 -0.03305 -0.04245 0.00817 -0.01927 0.00069 0.03813 0.02106 0.02385 -0.03362 -0.00352 -0.00072 -0.00011 0.00148 0.00035 0.00368 0.00099 0.00423 0.0034 0.00153 -0.00076 0.00125 -0.00022 -0.00155 0.00057 -0.00088 -0.00066 -0.00028 0.00011 0.00064 -0.00013 0.00003 0.00004 0.00002 0.00002 0 0 0 0 0 0 0 0 0 0 0 0 0 0 0 0 0 0 0 0 0 0 0
-21493612.68134 -3507762.17555 4885395.81111 1069.42962 -29027.05128 7320.0436 0.89748 -1780.37853 1198.56135 -1246.79406 145.03286 26.42155 -34.45703 -1.11109 -51.31405 -58.01712 21.73066 22.69117 1.63709 27.83579 -13.02809 9.57895 9.88368 -9.33958 6.8483 5.69482 3.74397 -0.78991 0.78281 -0.28258 -0.14572 0.52462 0.10671 0.29077 0.20421 0.12317 0.01274 -0.04925 -0.06644 -0.04902 -0.01267 0.05179 -0.05676 -0.07263 -0.09011 0.02992 -0.04894 -0.01471 0.06964 0.06127 0.04645 -0.06328 -0.00778 -0.0008 0.00303 -0.00091 0.00109 0.00315 -0.00008 0.0066 0.00315 0.00014 -0.00143 0.00035 -0.00031 -0.00218 0.0008 -0.00124 -0.00093 -0.0004 0.00016 0.0009 -0.00018 0.00005 0.00005 0.00003 0.00003 0 0 0 0 0 0 0 0 0 0 0 0 0 0 0 0 0 0 0 0 0 0 0
36433278.72914 5946602.5298 -8280236.94324 -935.07193 50117.56947 -12836.97772 -168.68246 3184.71484 -2043.11283 2174.92541 -220.27232 -59.4952 41.2455 -6.27217 95.82866 96.00485 -22.11029 -39.78757 -0.16902 -38.98449 28.38622 -15.2918 -16.12759 15.52063 -12.55249 -10.45302 -7.11623 2.39004 -1.49874 0.85045 -0.20275 -1.20904 -0.18207 -0.83641 -0.77855 -0.31017 0.1053 0.14432 0.23348 0.22796 0.05225 -0.16337 0.11134 0.15476 0.18917 -0.05478 0.10116 0.02626 -0.15476 -0.12286 -0.10013 0.14138 0.0134 0.0037 -0.0037 0.00123 -0.0032 -0.00798 -0.00052 -0.01445 -0.00964 -0.00266 0.0035 -0.00169 -0.00083 0.0037 -0.00135 0.0021 0.00157 0.00067 -0.00027 -0.00153 0.0003 -0.00008 -0.00009 -0.00005 -0.00005 0 0 0 0 0 0 0 0 0 0 0 0 0 0 0 0 0 0 0 0 0 0 0
935497.59499 151699.87221 -213814.68966 -1054.59073 63.9084 245.57509 135.91924 -101.26143 -27.91225 -10.51721 -14.75314 12.03879 5.59119 7.22888 -9.52978 -3.54158 -6.51956 2.72823 -1.52627 -2.57227 -4.77844 0.32647 0.51482 -0.697 0.9653 0.90591 0.63597 -0.56788 0.2792 -0.1309 0.22877 0.22933 0.08976 0.20814 0.19208 0.05978 -0.08537 -0.05013 -0.06245 -0.08433 -0.00199 0.04019 0.01621 0.00399 -0.01339 -0.00452 0.0007 0.00518 0.01303 -0.00087 0.00398 -0.01007 -0.00033 -0.00074 -0.00322 -0.00019 0.00107 0.00405 0.00073 0.00425 0.00356 0.00118 -0.00168 0.00054 0.00102 -0.00109 -0.00003 0.00005 0.00004 0.00002 -0.00001 -0.00004 0.00001 0 0 0 0 0 0 0 0 0 0 0 0 0 0 0 0 0 0 0 0 0 0 0 0 0 0 0
37897298.53681 6183166.59146 -8615800.10947 -3182.14205 49292.2794 -12020.47817 45.43152 2936.92723 -2056.72064 2128.31744 -218.62026 -37.91049 31.10928 6.37726 71.98057 74.85571 -20.39084 -30.32464 -0.65937 -32.28664 20.30323 -11.88592 -12.66407 12.11654 -9.75145 -8.00917 -5.50077 1.7692 -1.03893 0.67702 -0.06081 -0.89351 -0.04682 -0.5843 -0.60973 -0.22689 0.05193 0.09807 0.15335 0.13389 0.04083 -0.12106 0.11976 0.15669 0.15086 -0.04576 0.09395 0.02145 -0.13442 -0.10649 -0.09072 0.12736 0.0098 0.00339 -0.00414 0.00036 -0.00114 -0.00634 -0.00031 -0.0087 -0.00872 -0.00367 0.00114 -0.00217 -0.00023 0.0026 -0.00004 0.00218 0.00163 0.0007 -0.00028 -0.00159 0.00031 -0.00009 -0.00009 -0.00006 -0.00005 0 0 0 0 0 0 0 0 0 0 0 0 0 0 0 0 0 0 0 0 0 0 0
-92558662.72272 -15098178.04385 21046674.70562 10481.66244 -116604.03131 27579.63183 -268.23526 -6736.04162 4915.04727 -5042.87433 479.11376 69.92371 -31.50694 -26.72055 -139.16099 -134.94734 24.33986 56.24873 -0.90897 51.86692 -42.33547 20.92201 22.38815 -21.57628 18.25375 14.99659 10.44929 -3.94357 1.97748 -1.50098 0.43463 1.84409 0.08008 1.29623 1.40001 0.48365 -0.17048 -0.21422 -0.3622 -0.34692 -0.09856 0.2707 -0.22067 -0.29672 -0.30847 0.09485 -0.17945 -0.0445 0.26507 0.20846 0.17791 -0.24489 -0.02191 -0.00577 0.00962 0.00127 0.00261 0.01259 0.00056 0.01896 0.01558 0.0066 -0.00102 0.00436 -0.00024 -0.00611 0.00112 -0.00361 -0.00399 -0.00171 0.00069 0.00389 -0.00077 0.00021 0.00022 0.00014 0.00012 0 0 0.00001 0 0 0 0 0 0 0 0 0 0 0 0 0 0 0 0 0 0 0 0
-72938442.31818 -11913373.30285 16567110.22582 -4795.48395 -109880.19013 30181.69879 639.39537 -7431.37626 4371.83113 -4724.65169 608.5257 168.77626 -216.37428 37.14016 -284.7147 -323.444 123.81019 126.88113 9.60958 156.49938 -72.11472 53.69892 55.44488 -52.46234 38.46884 32.02153 21.08387 -4.42802 4.43025 -1.59957 -0.75933 2.9325 0.66274 1.66371 1.16371 0.70873 0.02085 -0.28864 -0.40043 -0.29329 -0.06292 0.28177 -0.31539 -0.40358 -0.49073 0.16044 -0.27319 -0.07534 0.38733 0.33265 0.25831 -0.36368 -0.0333 -0.00376 0.01577 -0.00799 0.0071 0.01653 0.00022 0.03327 0.02056 0.00284 -0.00923 0.00383 0.00107 -0.00907 0.00266 -0.00597 -0.005 -0.00135 0.00055 0.00306 -0.0006 0.00017 0.00018 0.00011 0.00009 0 0 0.00001 0 0 0 0 0 0 0 0 0 0 0 0 0 0 0 0 0 0 0 0
-73452120.80697 -11981860.63054 16701617.57922 7759.4298 -93043.55046 22124.9036 -79.38497 -5458.14118 3902.61543 -4044.24766 353.75036 66.7089 -6.3364 -15.00167 -115.25392 -101.30764 4.39232 44.38606 -3.16595 32.10001 -38.49599 15.04898 16.60228 -16.26152 15.13861 12.38734 8.92674 -4.18032 1.60517 -1.60166 0.78076 1.73679 -0.0197 1.35077 1.57031 0.4745 -0.23717 -0.21509 -0.41008 -0.41424 -0.12498 0.29501 -0.21581 -0.28843 -0.28616 0.08272 -0.17097 -0.04445 0.25601 0.19741 0.16803 -0.23838 -0.0168 -0.00859 0.006 -0.00034 0.0032 0.01232 0.00062 0.01734 0.01725 0.00844 -0.00197 0.00363 0.00151 -0.00447 0.00027 -0.00287 -0.00275 -0.00013 0.00055 0.00309 -0.00061 0.00017 0.00018 0.00011 0.00009 0 0 0.00001 0 0 0 0 0 0 0 0 0 0 0 0 0 0 0 0 0 0 0 0
-58534338.1125 -9558271.12451 13298171.10626 -1915.15552 -85435.8316 22935.07338 416.07343 -5654.75474 3428.73837 -3683.23217 443.20351 120.35903 -137.83304 22.19702 -201.89869 -223.13974 78.61017 88.55826 5.0122 104.13344 -53.06652 36.75194 38.16946 -36.32356 26.8928 22.51615 14.78981 -3.4541 3.30816 -1.13527 -0.3553 2.20384 0.54512 1.28984 0.91454 0.52051 -0.05631 -0.24566 -0.30083 -0.25468 -0.03403 0.22574 -0.18692 -0.26383 -0.33644 0.09621 -0.17894 -0.03991 0.27013 0.21701 0.17451 -0.25058 -0.02398 -0.00582 0.00358 -0.00594 0.00625 0.0162 0.00119 0.02786 0.01879 0.00358 -0.00752 0.0034 0.00186 -0.00783 0.00183 -0.00472 -0.00376 -0.00099 -0.00072 0.00246 -0.00049 0.00013 0.00014 0.00009 0.00007 0 0 0.00001 0 0 0 0 0 0 0 0 0 0 0 0 0 0 0 0 0 0 0 0
-65351543.11549 -10600046.16424 14930199.1863 58613.83115 -12761.72153 -13193.11357 -3905.34866 3659.67509 1586.12016 -570.01588 -423.40489 -422.68389 623.49523 -260.41581 574.69194 696.9481 -319.4721 -269.60081 -29.77786 -362.60259 133.96723 -117.87533 -121.26915 114.23611 -80.56878 -67.27204 -43.49925 6.89517 -9.28904 2.42575 2.70913 -5.51795 -1.61442 -2.73257 -1.34831 -1.29338 -0.28852 0.49423 0.56612 0.28349 0.02567 -0.39219 0.5901 0.74101 0.94364 -0.32686 0.51921 0.14244 -0.71458 -0.63618 -0.48869 0.67644 0.06688 -0.00291 -0.0404 0.01669 -0.0112 -0.02959 0.00157 -0.06193 -0.03291 -0.00007 0.01675 -0.00726 0.0009 0.01864 -0.00574 0.01209 0.01098 0.00412 -0.00117 -0.00658 -0.00055 0.00015 0.00016 0.0001 0.00008 0 0 0.00001 0 0 0 0 0 0 0 0 0 0 0 0 0 0 0 0 0 0 0 0
486697414.66317 79246762.78152 -110836756.90645 -180082.73608 446013.1315 -66546.45442 11457.95554 14664.57058 -21438.1672 19110.92003 -1030.74008 849.41074 -1139.14695 765.89756 -879.61873 -1071.04843 500.82021 421.28975 46.36592 559.80592 -209.13881 180.97644 188.19775 -178.04662 127.84062 107.02155 69.49378 -13.10422 14.86578 -4.48721 -3.37201 9.2435 2.52703 4.94448 2.91023 2.21032 0.2341 -0.88357 -1.12884 -0.73654 -0.10861 0.7617 -0.94376 -1.20037 -1.55172 0.52631 -0.84129 -0.23356 1.18137 1.03391 0.79468 -1.11034 -0.10832 0.00264 0.06114 -0.02766 0.02019 0.05064 -0.00049 0.10521 0.05616 0.00211 -0.02828 0.01279 0.00013 -0.02994 0.01027 -0.01872 -0.01786 -0.00554 0.00236 0.00982 -0.00083 -0.00111 -0.00118 -0.00073 -0.00062 -0.00001 -0.00001 -0.00004 -0.00001 0.00001 0 0.00001 0.00001 0.00001 0 0 0 0 0 0 0 0 0 0 0 0 0 0
33911089.23298 5439447.64033 -7818369.13921 -82296.04616 -63895.46898 39956.73527 5775.23907 -10419.28163 1086.96356 -2728.91514 998.18584 695.8 -983.26919 379.74759 -981.50417 -1167.15336 509.89136 453.95842 45.55708 594.5212 -235.30216 196.65383 202.20559 -190.79245 135.75901 113.42977 73.56735 -12.6241 15.85614 -4.42144 -3.97793 9.61935 2.82187 4.98238 2.69465 2.29007 0.30604 -0.91384 -1.08906 -0.65334 -0.05553 0.72489 -0.96492 -1.23947 -1.60868 0.55351 -0.86934 -0.2329 1.21929 1.06374 0.82773 -1.1483 -0.1123 0.00708 0.06835 -0.02532 0.01797 0.05382 -0.00158 0.10625 0.05796 0.00298 -0.02801 0.01374 -0.00183 -0.03244 0.01018 -0.02049 -0.01958 -0.00673 0.00237 0.01162 0.00038 -0.00151 -0.00008 -0.00005 -0.00004 0 0 0 0 0 0 0 0 0 0 0 0 0 0 0 0 0 0 0 0 0 0 0
-685458309.32706 -111641505.57935 156064533.8821 227226.51076 -664344.24661 110717.79599 -14343.98045 -24962.6162 31188.19133 -28443.27447 1890.46126 -961.32994 1237.08285 -958.75217 887.69017 1080.76296 -507.25787 -429.13811 -47.09774 -565.14877 214.08121 -182.27265 -190.59881 180.61302 -131.61358 -110.07189 -71.91422 14.95744 -15.03072 5.27946 2.84458 -9.7776 -2.38984 -5.46158 -3.64696 -2.39871 -0.12358 0.9403 1.32165 0.92988 0.18352 -0.87476 1.04181 1.31884 1.66737 -0.57736 0.91045 0.26151 -1.27693 -1.11603 -0.86412 1.1957 0.11561 -0.00264 -0.07286 0.02328 -0.01933 -0.0494 0.00066 -0.10656 -0.05751 -0.00394 0.02599 -0.01404 0.00167 0.03183 -0.01122 0.01997 0.01933 0.00675 -0.0031 -0.01112 0.0004 0.00151 -0.00002 0.00103 0.00087 0.00001 0.00002 0.00006 0.00002 -0.00002 0.00001 -0.00002 -0.00001 -0.00001 0.00001 -0.00001 0 0 0 0 0 0 0 0 0 0 0 0
1162569706.1129 189439213.4534 -264588052.9348 -309148.76566 1230701.66695 -236576.46893 18933.86776 54835.0687 -55724.8677 52671.65776 -4394.46611 937.97462 -1097.88616 1270.17954 -497.87185 -631.93266 333.74711 262.10865 30.88556 344.61078 -122.85073 106.17224 115.78737 -111.06476 84.45269 71.02714 46.76223 -13.10405 9.75594 -4.32037 -0.60521 7.05809 1.26413 4.32721 3.57059 1.73333 -0.2105 -0.75551 -1.09481 -0.92898 -0.20901 0.80003 -0.73081 -0.96668 -1.15454 0.35904 -0.63824 -0.16581 0.93183 0.76961 0.61416 -0.86393 -0.08355 -0.01181 0.03107 -0.01338 0.01606 0.04571 0.00278 0.08282 0.05304 0.01126 -0.01879 0.01207 0.00212 -0.02308 0.00702 -0.01412 -0.01266 -0.00432 0.00147 0.00832 -0.00232 0.00007 -0.00059 0.00015 -0.00148 -0.00002 -0.00003 -0.0001 -0.00003 0.00003 -0.00001 0.00003 0.00001 0.00002 -0.00001 0.00001 0 0 0 0 0 0 0 0 0 0 0 0
24751908446.10306 4034092250.89013 -5632321147.13637 -5874697.31424 27140027.24208 -5477207.62898 343182.129 1285611.87839 -1210769.25773 1163682.82734 -100821.07884 12878.92551 -16830.39115 23396.64745 -1575.10416 -3850.57595 4137.06094 1639.16286 525.79514 3070.89702 -74.16506 716.15021 818.36303 -784.00583 546.70018 470.83083 292.97631 -56.87118 61.90913 -14.25455 -20.31297 34.97728 11.86969 16.66584 6.19708 8.33447 2.41072 -2.9632 -3.48181 -1.38862 0.01697 2.01546 -3.69596 -4.51596 -6.09692 2.25613 -3.29234 -0.97883 4.43848 4.08482 3.07293 -4.22286 -0.40873 0.07595 0.33327 -0.11685 0.06301 0.15118 -0.01987 0.36587 0.16558 -0.02581 -0.11085 0.03846 -0.01441 -0.10995 0.0403 -0.07189 -0.06947 -0.02504 0.0123 0.03553 0.00816 -0.00824 -0.00037 -0.00387 0.00069 -0.00045 -0.00063 -0.00215 -0.00057 0.00068 -0.00024 0.00059 0.00027 0.00034 -0.00023 0.00025 -0.00005 0.00002 -0.00002 -0.00003 0.00001 0 -0.00001 0 0 0 0 0
-20281236591.60039 -3305283010.71925 4615219056.97952 4963510.98267 -22035606.27767 4392879.21231 -292524.66341 -1028673.8202 986656.73732 -944700.53914 80550.63763 -11963.45635 15557.25967 -19895.04098 3247.27991 5404.13732 -4286.26962 -2231.16758 -503.0139 -3619.01762 555.53868 -960.73369 -1058.3426 1009.74719 -718.41989 -611.11343 -388.36979 78.86265 -81.77187 23.31197 21.55798 -49.47742 -14.38754 -25.53343 -13.62106 -11.92761 -1.99021 4.49865 5.73008 3.28465 0.42145 -3.64782 5.23277 6.5401 8.507 -3.02794 4.6222 1.33025 -6.36836 -5.6904 -4.36026 6.00759 0.58608 -0.05793 -0.41296 0.13851 -0.09215 -0.24243 0.01651 -0.53181 -0.26855 0.0038 0.14226 -0.06408 0.01497 0.16002 -0.05587 0.10224 0.09872 0.03533 -0.01603 -0.05553 -0.00472 0.00863 0.00144 0.00421 0.00131 -0.00071 0.00052 0.00176 0.00047 -0.00056 0.00019 -0.00049 -0.00022 -0.00028 0.00019 -0.0002 0.00004 -0.00002 0.00001 0.00003 -0.00001 0 0 0 0 0 0 0
26071835512.77569 4248852310.3146 -5933094807.21037 -6495852.61806 28167690.59227 -5572282.26934 383312.86529 1303690.10491 -1263916.35965 1207829.20832 -101421.35416 16367.24015 -21753.20905 26080.62375 -5723.63027 -8898.5836 6478.73875 3605.72428 747.64837 5707.48803 -1048.31248 1570.76707 1699.42635 -1614.66992 1137.41951 964.11511 612.92992 -111.08155 129.29896 -33.81352 -38.31455 75.94948 23.50939 37.75403 17.57646 18.21263 4.1791 -6.63536 -8.20937 -4.06238 -0.37538 5.04989 -8.11368 -10.00555 -13.20963 4.806 -7.16479 -2.10903 9.75084 8.85694 6.7197 -9.22804 -0.90598 0.12691 0.68738 -0.2304 0.13844 0.34644 -0.03422 0.80597 0.38028 -0.03245 -0.22225 0.09292 -0.03126 -0.24462 0.08887 -0.15729 -0.1543 -0.05644 0.02588 0.08334 0.01145 -0.01568 -0.00245 -0.0075 -0.00144 0.00068 -0.00218 -0.00227 -0.0006 0.00072 -0.00025 0.00062 0.00028 0.00036 -0.00024 0.00026 -0.00005 0.00002 -0.00002 -0.00003 0.00002 0 -0.00001 0 0 0 0 0
59267477229.2295 9659682964.73032 -13486132752.72642 -13894530.71224 65223386.64204 -13226529.14723 810625.15812 3106332.81142 -2905738.0841 2796282.96929 -244500.49047 29345.23872 -37743.37382 55258.30187 -1461.37686 -6339.77655 8504.697 2831.61021 1117.22304 5811.46979 329.83507 1220.56797 1459.02166 -1408.57104 990.86719 861.28025 531.99386 -119.68802 111.32968 -28.2007 -33.81145 64.62392 20.69227 31.86664 14.03618 15.54269 3.73195 -5.60365 -6.92234 -3.28252 -0.22499 4.11309 -6.8746 -8.45351 -11.25021 4.13247 -6.09084 -1.80602 8.26407 7.53538 5.7091 -7.83737 -0.75728 0.12122 0.60558 -0.19793 0.11464 0.28481 -0.03267 0.67347 0.31593 -0.03273 -0.19381 0.07558 -0.02675 -0.20447 0.07391 -0.13224 -0.12887 -0.04745 0.02334 0.06902 0.01301 -0.01446 0.00067 -0.00665 0.00069 -0.00064 -0.00179 -0.00268 -0.00137 0.00163 -0.00056 0.00142 0.00064 0.00082 -0.00055 0.0006 -0.00011 0.00005 -0.00004 -0.00008 0.00004 0.00001 -0.00001 0 0 -0.00001 0 0
-39732038130.71205 -6476002599.07213 9040559799.10645 9062077.43617 -44066236.10787 9027184.27953 -524466.01775 -2124089.13384 1957126.64374 -1889396.06307 167430.43481 -17304.42151 22289.81908 -35827.35656 -2323.48917 440.04439 -4167.34673 -396.89719 -622.96503 -2019.62517 -1051.40233 -183.13366 -321.04949 322.31397 -208.53412 -197.5674 -107.05354 27.73757 -22.22787 -0.08673 13.78829 -8.71418 -5.67096 -1.76729 4.21615 -1.92503 -2.38023 0.3347 -0.10708 -1.27368 -0.51696 0.45349 0.97477 0.99755 1.70583 -0.79122 0.89511 0.3273 -1.02683 -1.16236 -0.77689 1.03355 0.10003 -0.08242 -0.16443 0.05876 -0.01063 0.00045 0.01965 -0.07104 0.00476 0.0484 0.04104 0.00108 0.01323 0.0225 -0.01274 0.01811 0.01854 0.00823 -0.0051 -0.00277 -0.01014 0.00639 -0.00125 0.0028 -0.00196 0.00112 0.00103 0.00158 -0.00061 -0.0011 0.00038 -0.00095 -0.00043 -0.00055 0.00037 -0.0004 0.00007 -0.00004 0.00003 0.00005 -0.00002 0 0.00001 0 0 0.00001 0 0
-89938443655.70001 -14658495573.046 20465311449.5371 21153522.23098 -98882990.72732 20027345.93737 -1234944.9926 -4702629.03133 4406907.18468 -4239374.92648 369951.65479 -45153.28257 58181.87936 -84172.38853 3123.10359 10704.83084 -13386.14233 -4716.83766 -1739.56414 -9375.81526 -286.11466 -2034.78288 -2401.85623 2314.32871 -1629.76763 -1411.91909 -875.6785 193.23025 -183.0728 47.12412 55.21013 -106.8028 -33.61918 -52.83577 -23.89112 -25.67953 -6.10038 9.26136 11.50534 5.52592 0.46702 -6.92469 11.46281 14.08574 18.62244 -6.82158 10.11274 2.99673 -13.71755 -12.50039 -9.47373 13.009 1.2574 -0.18913 -0.99278 0.32798 -0.19119 -0.47403 0.05368 -1.11694 -0.52827 0.04886 0.31709 -0.12602 0.04352 0.33802 -0.1214 0.21967 0.21353 0.0779 -0.03786 -0.11594 -0.02007 0.02276 0.00101 0.01085 -0.00042 0.00012 0.00273 0.00445 0.00161 -0.00134 0.00086 -0.00216 -0.00096 -0.00124 0.00084 -0.0009 0.00017 -0.00008 0.00006 0.00011 -0.00005 -0.00001 0.00002 0.00001 0 0.00001 0 -0.00001
-18785083780.28902 -3061071237.41429 4275195842.34546 4919956.54102 -19970630.89754 3862520.03098 -293923.33568 -899873.47235 901927.45609 -856235.61899 69641.95496 -14022.7722 18599.31608 -19936.71537 7265.17623 10064.05069 -6171.50817 -4031.55721 -665.56741 -5927.99644 1534.82968 -1742.41009 -1855.06482 1759.69305 -1253.19731 -1056.18562 -678.53518 127.40649 -143.04865 41.47888 37.20811 -87.00088 -24.94619 -45.11477 -24.52852 -20.99492 -3.39389 7.92121 10.18131 5.9134 0.81657 -6.50591 9.25465 11.56213 14.9713 -5.32226 8.1498 2.34897 -11.23106 -10.02719 -7.68745 10.59518 1.03045 -0.0945 -0.72433 0.24024 -0.16148 -0.42455 0.02765 -0.93411 -0.4736 0.00315 0.24846 -0.11302 0.02662 0.28097 -0.09769 0.1797 0.17307 0.06211 -0.02889 -0.09963 -0.00702 0.01429 0.00217 0.00668 0.00236 -0.0008 0.00123 0.00265 0.00148 -0.0001 0.00119 -0.00045 -0.0002 -0.00026 0.00017 -0.00019 0.00003 -0.00002 0.00001 0.00002 -0.00001 0 0 0 0 0 0 0
51242165830.81735 8352466805.08997 -11659082387.18026 -11346351.80996 57299800.93466 -11861928.1763 653391.77697 2795065.82386 -2536961.40463 2456435.59235 -221668.0189 19294.10226 -23966.03971 44655.96277 7537.5362 4977.36345 2800.1086 -1613.89353 551.09352 -302.16976 2393.85326 -708.3785 -546.46922 485.59515 -356.9894 -267.48842 -198.25556 7.83668 -42.61314 16.5821 6.49606 -28.86275 -6.34422 -16.62404 -12.08954 -7.11392 -0.00956 2.84674 4.10654 3.08009 0.66451 -2.79187 3.09421 3.95215 4.90252 -1.67019 2.68522 0.76078 -3.79976 -3.28002 -2.56218 3.5428 0.34697 0.00236 -0.20498 0.05904 -0.05607 -0.15334 -0.00098 -0.31731 -0.17557 -0.02099 0.07023 -0.04453 0.00623 0.0953 -0.03349 0.05839 0.05817 0.02007 -0.00995 -0.03592 0.00368 0.0035 0.00125 0.00228 0.0033 -0.00095 0.00066 -0.00044 0.0007 0.00025 0.00012 -0.00007 0.00055 0.00071 -0.00048 0.00051 -0.0001 0.00005 -0.00003 -0.00006 0.00003 0.00001 -0.00001 0 0 -0.00001 0 0
-196211395251.0633 -31980660425.44789 44645861675.186 44947770.20196 -217358196.20461 44458824.24649 -2607582.3938 -10456593.13885 9658458.9438 -9318721.91105 825187.9373 -87483.72655 111618.43119 -177975.90142 -9001.72211 4681.82083 -21207.87735 -3013.80901 -3083.81556 -11014.482 -4456.00602 -1300.54267 -2013.57071 2005.5753 -1372.29303 -1259.93928 -723.82737 208.20681 -149.3036 24.99974 61.13535 -77.09992 -31.23322 -32.41279 -3.18405 -18.2353 -8.58097 5.74489 6.007 0.09819 -0.9287 -2.64105 8.4156 9.88181 13.85372 -5.44713 7.48974 2.35382 -9.71178 -9.3599 -6.88209 9.39176 0.86651 -0.27243 -0.90725 0.31226 -0.12745 -0.2511 0.08026 -0.74664 -0.28572 0.12557 0.26923 -0.06033 0.04456 0.22641 -0.08256 0.15703 0.14925 0.05719 -0.03061 -0.07164 -0.04002 0.02324 -0.00556 0.01029 -0.01164 0.00441 0.0027 0.00765 0.00177 -0.00205 0.00249 -0.00388 -0.00478 -0.0027 0.00182 -0.00197 0.00036 -0.00018 0.00012 0.00025 -0.00012 -0.00002 0.00004 0.00001 0 0.00003 0 -0.00001
259570873944.3585 42306365534.75389 -59064175483.0948 -60564300.50484 286036092.28204 -58106248.86153 3524832.65685 13653112.69299 -12735874.56825 12264102.32593 -1073439.00012 125565.02139 -162885.95759 240486.63261 -2740.40663 -23988.32572 36219.98118 10827.41723 4867.25156 23847.0694 2514.19903 4744.42328 5745.03498 -5547.12711 3835.43742 3352.26963 2044.66471 -425.7396 428.14953 -89.10665 -155.50555 234.09569 84.62655 106.36099 29.55777 55.75901 20.32038 -18.71443 -21.38529 -5.71682 1.03757 11.34359 -25.32145 -30.35396 -41.56791 15.87969 -22.45645 -6.89463 29.73755 27.96061 20.82227 -28.42394 -2.74877 0.68488 2.52204 -0.82818 0.39086 0.89728 -0.18479 2.36138 0.97275 -0.27122 -0.74546 0.2329 -0.13548 -0.71948 0.2742 -0.4793 -0.47039 -0.17922 0.09315 0.23009 0.07911 -0.06739 0.00292 -0.0309 0.00944 -0.00395 -0.00781 -0.01695 -0.00243 0.00855 -0.00297 0.00639 0.00409 0.007 -0.00241 0.00261 -0.00048 0.00023 -0.00016 -0.00033 0.00015 0.00003 -0.00006 -0.00002 0.00001 -0.00003 0 0.00002
-9823449455.49912 -1601211745.229 2235130778.87539 2181442.00791 -10974636.0093 2269282.211 -125133.09494 -534929.98373 486011.05319 -470619.0635 42179.03939 -3717.00556 4834.39311 -8570.96213 -1341.69045 -766.36941 -689.22015 249.3079 -128.4137 -75.13783 -456.80668 99.1411 71.41786 -63.48098 54.7186 39.78744 31.84915 -6.81232 6.90459 -4.71773 1.72047 6.34808 0.32715 4.44226 4.67997 1.54923 -0.60306 -0.78492 -1.17627 -1.22928 -0.31855 0.98929 -0.61632 -0.87252 -0.99872 0.26338 -0.53785 -0.12452 0.8464 0.6498 0.5354 -0.74884 -0.09356 -0.02016 0.0051 -0.0026 0.01529 0.05489 0.00803 0.09044 0.05341 0.0157 -0.01034 0.01574 0.00016 -0.02738 0.01136 -0.01398 -0.01426 -0.00455 0.00103 0.00941 -0.00615 0.00044 -0.00331 -0.00016 -0.00452 0.00134 0.00066 0.00033 -0.0001 -0.00048 0.00061 -0.00145 -0.00088 -0.00039 0.00132 -0.0001 0.00002 -0.00001 0.00001 0.00001 -0.00001 0 0 0 0 0 0 0
-851674011298.6907 -138814784014.52548 193789892389.71448 195359642.23369 -943131006.93772 192821375.36408 -11344695.64813 -45343512.2972 41915319.47342 -40432766.49402 3580761.85478 -382622.58052 485719.25011 -774004.69951 -35913.60025 23184.20382 -92329.04068 -14366.75631 -13300.76301 -48761.80607 -18276.20419 -6064.02652 -9220.361 9180.3096 -6397.81718 -5834.29832 -3399.7303 1032.11754 -699.42157 152.93674 242.74406 -388.24962 -135.56518 -180.64421 -59.09651 -92.69619 -30.58568 31.79067 37.16415 12.34633 -0.79732 -20.57921 41.9068 50.59033 68.58476 -25.86621 37.11793 11.27597 -49.48403 -46.12235 -34.50493 47.21338 4.55125 -0.99015 -3.99595 1.33687 -0.67068 -1.55948 0.27493 -3.96678 -1.71243 0.37029 1.22291 -0.4043 0.19763 1.20216 -0.44675 0.79563 0.77514 0.29011 -0.14592 -0.3929 -0.11527 0.10144 -0.00238 0.04649 -0.01358 0.00552 0.01213 0.02476 0.00526 -0.01025 0.00475 -0.01003 -0.00742 -0.00898 0.00356 -0.00409 0.00158 -0.00077 0.00054 0.00108 -0.0005 -0.0001 0.00018 0.00005 -0.00002 0.00011 0.00002 -0.00006
-132469944220.22395 -21591133966.39916 30142454303.8619 30565410.25128 -146451952.65661 29877348.29135 -1777532.50135 -7023345.2969 6512951.44415 -6278496.29478 554280.71949 -61160.42247 77814.9028 -121234.6877 -3230.6649 6379.71426 -15540.84339 -3316.95891 -2173.03974 -8982.17786 -2269.40236 -1409.13341 -1913.04496 1879.79845 -1319.68237 -1178.19139 -705.23783 192.65592 -146.12109 35.43524 46.34621 -83.7168 -27.43972 -40.56591 -16.58084 -20.08053 -5.4001 7.13175 8.66732 3.76926 0.15745 -5.0721 8.94442 10.93052 14.65918 -5.4373 7.92245 2.37165 -10.69552 -9.82422 -7.4072 10.14563 0.99652 -0.18439 -0.81669 0.26196 -0.14485 -0.35867 0.04621 -0.87135 -0.38912 0.05916 0.25181 -0.09509 0.04249 0.26528 -0.10058 0.17292 0.16999 0.0632 -0.03302 -0.0883 -0.01757 0.02064 0.00105 0.01053 0.00062 -0.0001 0.00193 0.00462 0.00062 -0.00159 0.00107 -0.00151 0.00018 -0.00119 0.00057 -0.00052 -0.00075 -0.00012 0.00008 0.00017 -0.00008 -0.00002 0.00003 0.00001 0 0.00002 0 -0.00001
1513887189234.3406 246755966058.6663 -344462055361.7947 -341605886.49984 1684201445.94645 -346384499.77885 19779294.22039 81523838.07544 -74718762.47032 72198155.706 -6458205.74576 629661.71224 -785432.34665 1349954.0247 138980.99951 49994.71182 122346.38428 -9531.12918 19624.29992 39164.69166 49845.76949 -4717.37355 592.2226 -1478.30696 1007.35415 1721.99952 462.7003 -1057.41685 58.60779 17.09418 -51.37516 10.6335 19.03666 -6.58003 -28.09098 2.15763 9.51768 1.05106 3.44718 7.48753 2.60878 -4.34542 -1.37728 -0.66261 -2.81264 1.85798 -1.4004 -0.76712 0.95545 2.00338 1.01017 -1.28904 -0.02019 0.31395 0.51723 -0.20311 0.00805 -0.1722 -0.08983 -0.00861 -0.16396 -0.2127 -0.13873 -0.05919 -0.02707 0.00593 0.00757 -0.01322 -0.00428 -0.00766 0.01459 -0.02103 0.05739 -0.01531 0.01861 -0.00788 0.02171 -0.01349 -0.00436 -0.00705 -0.00353 0.00169 -0.00462 0.00496 0.00903 0.00165 -0.00165 0.00346 -0.00068 -0.00401 -0.00096 -0.00192 0.0009 0.00018 -0.00032 -0.00009 0.00003 -0.0002 -0.00003 0.00011
-751528707667.6736 -122494034414.31265 171000518177.1047 170701162.10623 -834527157.22763 171225946.33986 -9889823.68669 -40288577.8398 37048952.33617 -35776673.33151 3185398.15779 -322199.06179 406901.31187 -675074.48504 -53923.51655 -5876.47411 -70102.98484 -2430.74486 -10714.38353 -29666.79743 -21485.46343 -918.70325 -3585.09417 3810.10715 -2577.1488 -2589.70019 -1334.23099 619.09447 -265.89014 28.31789 127.43853 -125.60767 -59.65841 -45.21964 13.12337 -29.25455 -19.51723 8.13409 6.66338 -4.98073 -3.16355 -1.30276 13.87537 15.7182 23.14544 -9.54651 12.44548 4.07743 -15.58726 -15.70045 -11.26832 15.27387 1.39417 -0.6307 -1.71864 0.60738 -0.19652 -0.30775 0.18365 -1.16255 -0.34073 0.32829 0.48984 -0.06345 0.09314 0.3538 -0.13591 0.25433 0.24012 0.09926 -0.05373 -0.09879 -0.09479 0.04616 -0.01408 0.02069 -0.02706 0.01197 0.00686 0.01632 0.00297 -0.00634 0.0045 -0.00751 -0.0113 -0.00766 0.00389 -0.00465 0.00169 0.00191 0.00181 0.00095 -0.00044 -0.00009 0.00016 0.00005 -0.00002 0.0001 0.00001 -0.00005
4024296874294.523 655936264543.5219 -915672108341.8474 -911291365.90832 4472644933.22737 -918716721.91632 52803729.95107 216184394.57381 -198501660.98242 191734287.10929 -17116636.53976 1702883.15848 -2130678.36013 3603428.35522 326896.27652 81889.25238 347913.73632 -5602.46327 54271.11655 130329.85899 122454.79301 -3918.47015 10401.74792 -12239.0121 8553.04477 9478.40944 4406.52432 -3314.78097 828.8317 -138.9699 -326.56923 430.12016 170.22919 185.39625 27.12454 102.18796 44.82679 -32.93368 -35.35719 -3.66078 4.28468 16.61166 -46.59973 -55.07538 -77.08282 29.98061 -41.56725 -13.00297 54.31297 51.96568 38.28137 -52.32047 -4.89428 1.4257 4.8845 -1.70498 0.74321 1.48149 -0.40455 4.27245 1.6654 -0.65842 -1.50751 0.35971 -0.2297 -1.28659 0.48262 -0.87232 -0.83093 -0.31982 0.16984 0.39562 0.197 -0.12165 0.0281 -0.05683 0.04413 -0.02603 -0.01846 -0.03434 -0.01097 0.01217 -0.01153 0.0162 0.02193 0.01185 -0.00619 0.00973 -0.0031 -0.00615 -0.00314 -0.00295 0.00238 0.00049 -0.00085 -0.00025 0.00009 -0.00053 -0.00007 0.00029
-9206768742321.129 -1500672262340.4236 2094842580161.4294 2064695025.54882 -10260275782.31962 2114875748.9281 -119490313.26963 -497864207.69847 454900671.51405 -439807521.27001 39515861.2163 -3720259.7218 4579159.71618 -8153896.83002 -1017851.83193 -522311.68939 -634791.1389 140240.33356 -107819.09715 -119667.52645 -340023.6257 66382.15626 34324.92314 -26419.07285 17615.2437 9365.04508 9782.44009 5512.32414 2348.74467 -475.61177 -908.48472 1268.64392 479.69125 556.15506 114.41982 299.80892 124.08838 -97.72312 -107.55315 -17.58158 9.87613 53.22146 -137.21567 -162.91691 -225.94294 87.62815 -121.89798 -37.89314 159.89272 152.14791 112.59582 -153.3924 -14.7586 4.20329 14.31155 -4.71718 2.06099 4.53931 -1.14631 12.54295 4.8962 -1.77765 -4.12899 1.16095 -0.80081 -3.83327 1.4747 -2.58572 -2.54191 -0.97605 0.51327 1.20662 0.5137 -0.3945 0.02816 -0.17631 0.08695 -0.029 -0.04739 -0.10376 -0.01294 0.05279 -0.01759 0.04325 0.03059 0.04441 -0.01844 0.0178 -0.00499 0.00392 -0.00028 -0.00284 0.00196 -0.00112 0.00196 0.00057 -0.0002 0.00121 0.00016 -0.00066
-8059855288490.545 -1313731632314.705 1833879291045.7996 1805536609.96463 -8984860461.10871 1852703921.1637 -104493982.82812 -436158001.23461 398310094.65821 -385129845.43161 34634004.96038 -3240893.88326 3975588.24638 -7129986.119 -917771.33821 -492249.64277 -536939.79449 135744.55794 -92285.44742 -85105.89025 -302954.39288 64236.49898 36148.84894 -28794.35136 19089.45076 11266.82496 10484.43995 4801.9854 2472.43906 -434.02945 -1032.68424 1285.98121 523.18331 533.98138 42.09642 302.55289 147.71242 -94.07992 -97.22275 2.39639 16.57841 41.56385 -139.83507 -163.59412 -231.29979 91.66346 -124.58371 -39.48595 161.0964 156.06394 114.38448 -155.50104 -14.73396 4.98399 15.53803 -5.17898 2.03994 4.09977 -1.3818 12.39903 4.44939 -2.28768 -4.40808 1.01233 -0.87825 -3.79349 1.4732 -2.60679 -2.54527 -0.99807 0.54005 1.15513 0.6591 -0.43195 0.06807 -0.19236 0.14499 -0.05664 -0.05706 -0.1231 -0.01877 0.06034 -0.02572 0.05635 0.0527 0.05377 -0.02541 0.02617 -0.008 -0.00215 -0.0031 -0.00504 0.00324 0.00024 0.00171 0.0005 -0.00017 0.00106 0.00014 -0.00058
-7408146411747.618 -1207515352109.2358 1685582412886.5713 1651036013.65976 -8270137197.70558 1708426346.84882 -95510177.26752 -402270354.61263 366431934.28157 -354475540.48493 31991657.99551 -2906067.98718 3523887.40133 -6516171.57676 -958194.65814 -596969.5006 -421602.05631 179326.34393 -77285.93269 24.24523 -303095.94486 83966.02901 58333.76818 -49918.96815 33320.6745 23534.50699 18015.0086 3757.00159 4070.07837 -661.03858 -1742.9674 2080.17153 870.88773 845.45349 20.58625 489.01102 252.70514 -149.36522 -150.03501 16.3896 31.02886 59.5941 -226.60038 -263.63971 -375.78253 150.08296 -202.20191 -64.54804 260.10991 253.68669 185.22033 -251.6512 -23.71436 8.51662 25.7576 -8.6384 3.28354 6.33084 -2.36202 19.90822 6.8841 -4.01399 -7.2936 1.53674 -1.46078 -6.08804 2.38102 -4.21198 -4.10188 -1.61692 0.88932 1.82418 1.14753 -0.71923 0.13431 -0.3206 0.26628 -0.10908 -0.09741 -0.20876 -0.03367 0.09948 -0.04804 0.09646 0.09718 0.08871 -0.04332 0.04688 -0.01303 -0.00842 -0.00573 -0.01029 0.00655 -0.00094 0.0043 0.00046 -0.00016 0.00097 0.00013 -0.00053
-9941646467487.227 -1620462967543.9724 2262042014793.675 2222790036.52023 -11088549344.78879 2288051478.43623 -128613039.50544 -538689542.85317 491470889.72525 -475295650.33947 42797150.93591 -3960277.27909 4840163.81563 -8775559.04723 -1189703.01374 -678972.07779 -627486.58594 194700.28491 -110273.93901 -66577.00999 -386382.88485 91558.0482 57049.76232 -47178.08528 31484.65845 20527.22391 17167.37222 5506.68447 3955.93175 -695.87914 -1637.86874 2060.54781 833.50464 860.92279 78.65627 485.27283 233.03413 -151.79605 -157.95498 0.27388 25.50427 68.7561 -223.86038 -262.30954 -370.29796 146.34401 -199.45454 -63.09688 258.35404 249.79449 183.21273 -249.2449 -23.61792 7.83079 24.66662 -8.2652 3.30285 6.65712 -2.16709 19.95853 7.23821 -3.58562 -7.06622 1.64418 -1.37602 -6.09148 2.36306 -4.17677 -4.07283 -1.58656 0.86011 1.85652 1.03046 -0.68349 0.10404 -0.30424 0.22267 -0.08994 -0.08949 -0.19348 -0.03174 0.09213 -0.0421 0.08715 0.08223 0.08122 -0.03753 0.04078 -0.01246 -0.00333 -0.0036 -0.00916 0.00634 -0.0011 0.00314 0.00171 -0.00021 0.0013 0.00018 -0.00072
17779321116380.21 2897988611358.022 -4045357798917.214 -3971260361.15405 19835809011.29537 -4094414184.4043 229760166.84498 964008831.53145 -879081283.65068 850227163.10523 -76608947.7393 7048899.37422 -8596701.4995 15676740.25701 2180197.93962 1280320.94351 1089511.6206 -373174.58327 193807.30347 83403.6029 702365.25477 -175120.85713 -113500.85555 95095.0938 -63540.09335 -42753.36228 -34547.91949 -9527.62976 -7899.5008 1371.19094 3284.90819 -4101.98159 -1667.96998 -1707.69017 -140.42236 -965.99964 -468.39775 301.27678 311.9936 -4.76831 -52.28312 -134.22084 445.67198 521.78266 737.679 -291.95262 397.24417 125.80562 -514.11341 -497.62594 -364.78887 496.17674 46.972 -15.74918 -49.33326 16.52031 -6.56231 -13.14418 4.35746 -39.66976 -14.30282 7.24589 14.11644 -3.23945 2.75644 12.11602 -4.7047 8.31662 8.10609 3.16694 -1.71933 -3.68399 -2.08339 1.36506 -0.22304 0.6084 -0.45738 0.18673 0.18058 0.38693 0.0635 -0.185 0.08631 -0.17551 -0.16947 -0.16196 0.07706 -0.08363 0.024 0.01076 0.00814 0.01806 -0.01219 0.00164 -0.00691 -0.00174 -0.00079 -0.00233 -0.00032 0.00128
26655671104082.32 4344781370259.94 -6065045228456.839 -5980540816.57703 29702128720.67022 -6121312314.73003 346189661.75263 1440963652.52715 -1316944599.01892 1273175211.32377 -114379738.56683 10799083.64579 -13282764.62512 23621778.7061 2911562.75411 1474814.82654 1849116.62354 -390606.61249 312613.13333 362903.51384 974382.56701 -186220.5059 -92985.18392 70348.2197 -46084.21711 -23030.61462 -25558.69769 -16870.85963 -6235.90397 1055.17844 2671.14607 -3210.93283 -1338.97536 -1307.10069 -40.4309 -753.03628 -387.33803 230.55021 232.18458 -23.40288 -47.32405 -92.78446 348.73979 405.94092 578.4477 -230.81307 311.24965 99.28352 -400.59448 -390.46476 -285.14619 387.52739 36.50178 -13.03581 -39.54184 13.29675 -5.07169 -9.80318 3.61992 -30.69653 -10.66679 6.13921 11.24695 -2.36826 2.22235 9.37563 -3.65921 6.48355 6.30392 2.47947 -1.36422 -2.80801 -1.75903 1.10353 -0.20699 0.49033 -0.40888 0.16975 0.14718 0.32504 0.05423 -0.1538 0.07533 -0.14986 -0.14906 -0.13849 0.06598 -0.07234 0.02022 0.01081 0.00869 0.01612 -0.01095 0.0007 -0.00405 -0.00286 -0.00042 -0.00099 -0.00048 0.00192
-59771243613727.7 -9742502657906.324 13599933015282.87 13411689552.49531 -66600758496.35441 13725304370.37216 -776365748.67868 -3230934997.1024 2952999563.86686 -2854827063.96657 256459765.70251 -24226652.13257 29800767.20347 -52974022.5576 -6512297.56564 -3287488.13656 -4154901.51035 868279.07906 -701752.94221 -823725.75867 -2180971.51866 414281.43679 205119.58814 -154552.9269 101059.02576 49743.43757 56076.5335 38044.92073 13721.71527 -2289.04886 -5922.25615 7039.13301 2959.00825 2847.79392 43.37195 1650.22089 862.31973 -502.23316 -502.32379 63.19353 107.75421 195.47684 -764.63683 -888.48057 -1269.43138 507.98029 -682.74838 -218.3974 877.31792 856.96405 625.10454 -849.2461 -79.85337 29.10252 87.44411 -29.33857 11.06225 21.08351 -8.0668 67.03215 22.97208 -13.79302 -24.77798 5.08533 -4.94656 -20.49221 8.03242 -14.19741 -13.80962 -5.44407 3.02233 6.11146 3.94659 -2.44663 0.49456 -1.08461 0.93249 -0.39199 -0.33223 -0.71775 -0.12515 0.3431 -0.17222 0.33456 0.33741 0.30034 -0.14666 0.16358 -0.04355 -0.03085 -0.01495 -0.03705 0.02523 -0.00318 0.01374 0.00577 0.00295 0.00285 -0.00119 -0.00431
5228324531683.783 852245069826.3019 -1189562558976.8022 -1134412803.59347 5879207835.31381 -1225691856.52207 65420731.97955 288910959.12337 -259791321.89024 251941109.60713 -23131889.60483 1784042.49564 -2029097.04571 4461999.1926 1089746.06852 936963.89218 46734.95388 -322243.10439 28831.3021 -276209.24094 304721.64016 -147814.16745 -130675.585 118970.75724 -80457.57027 -64162.16627 -43078.38601 273.2394 -9365.08362 1600.93267 3868.25412 -4852.9198 -1966.83764 -2028.6488 -182.20731 -1145.12943 -549.24314 358.2682 372.68895 -0.52949 -60.16731 -162.30924 528.09195 618.91726 873.40321 -345.07401 470.52432 148.79478 -609.53406 -589.21515 -432.23763 588.10781 55.64723 -18.38995 -58.12271 19.49649 -7.81146 -15.70126 5.10333 -47.08323 -17.13007 8.43391 16.68755 -3.87771 3.22081 14.37158 -5.55761 9.85636 9.59778 3.74474 -2.02439 -4.38711 -2.43728 1.59746 -0.25926 0.71434 -0.53544 0.21904 0.21308 0.45031 0.07608 -0.2115 0.10175 -0.20652 -0.2023 -0.1873 0.09137 -0.09837 0.02906 0.01353 0.0112 0.02159 -0.01436 0.00162 -0.00771 -0.00115 0.00008 -0.00262 -0.00046 0.00147