322 0 0 0 0 0 0 0 0 0 0 0 0 0 0 0 0 0 0 0 0 0 0 0 0 0 0 0 0 0 0 0 0 0 0 0 0 0 0 0 0 0 0 0 0 0 0 0 0 0 0 0 0 0 0 0 0 0 0 0 0 0 0 0 0 0 0 0 0 0 0 0 0 0 0 0 0 0 0 0 0 0 0 0 0 0 0 0 0 0 0 0 0 0 0 0 0 0 0 0
-790 293 0 0 0 0 0 0 0 0 0 0 0 0 0 0 0 0 0 0 0 0 0 0 0 0 0 0 0 0 0 0 0 0 0 0 0 0 0 0 0 0 0 0 0 0 0 0 0 0 0 0 0 0 0 0 0 0 0 0 0 0 0 0 0 0 0 0 0 0 0 0 0 0 0 0 0 0 0 0 0 0 0 0 0 0 0 0 0 0 0 0 0 0 0 0 0 0 0 0
848 210 -2 0 0 0 0 0 0 0 0 0 0 0 0 0 0 0 0 0 0 0 0 0 0 0 0 0 0 0 0 0 0 0 0 0 0 0 0 0 0 0 0 0 0 0 0 0 0 0 0 0 0 0 0 0 0 0 0 0 0 0 0 0 0 0 0 0 0 0 0 0 0 0 0 0 0 0 0 0 0 0 0 0 0 0 0 0 0 0 0 0 0 0 0 0 0 0 0 0
134 -615 427 -314 0 0 0 0 0 0 0 0 0 0 0 0 0 0 0 0 0 0 0 0 0 0 0 0 0 0 0 0 0 0 0 0 0 0 0 0 0 0 0 0 0 0 0 0 0 0 0 0 0 0 0 0 0 0 0 0 0 0 0 0 0 0 0 0 0 0 0 0 0 0 0 0 0 0 0 0 0 0 0 0 0 0 0 0 0 0 0 0 0 0 0 0 0 0 0 0
-241 -75 -372 -278 -54 0 0 0 0 0 0 0 0 0 0 0 0 0 0 0 0 0 0 0 0 0 0 0 0 0 0 0 0 0 0 0 0 0 0 0 0 0 0 0 0 0 0 0 0 0 0 0 0 0 0 0 0 0 0 0 0 0 0 0 0 0 0 0 0 0 0 0 0 0 0 0 0 0 0 0 0 0 0 0 0 0 0 0 0 0 0 0 0 0 0 0 0 0 0 0
-84 -112 -67 -911 -89 -264 0 0 0 0 0 0 0 0 0 0 0 0 0 0 0 0 0 0 0 0 0 0 0 0 0 0 0 0 0 0 0 0 0 0 0 0 0 0 0 0 0 0 0 0 0 0 0 0 0 0 0 0 0 0 0 0 0 0 0 0 0 0 0 0 0 0 0 0 0 0 0 0 0 0 0 0 0 0 0 0 0 0 0 0 0 0 0 0 0 0 0 0 0 0
415 -1000 766 -135 356 237 786 0 0 0 0 0 0 0 0 0 0 0 0 0 0 0 0 0 0 0 0 0 0 0 0 0 0 0 0 0 0 0 0 0 0 0 0 0 0 0 0 0 0 0 0 0 0 0 0 0 0 0 0 0 0 0 0 0 0 0 0 0 0 0 0 0 0 0 0 0 0 0 0 0 0 0 0 0 0 0 0 0 0 0 0 0 0 0 0 0 0 0 0 0
-491 -223 633 931 25 -514 766 258 0 0 0 0 0 0 0 0 0 0 0 0 0 0 0 0 0 0 0 0 0 0 0 0 0 0 0 0 0 0 0 0 0 0 0 0 0 0 0 0 0 0 0 0 0 0 0 0 0 0 0 0 0 0 0 0 0 0 0 0 0 0 0 0 0 0 0 0 0 0 0 0 0 0 0 0 0 0 0 0 0 0 0 0 0 0 0 0 0 0 0 0
-79 989 -228 -184 209 759 618 -442 859 0 0 0 0 0 0 0 0 0 0 0 0 0 0 0 0 0 0 0 0 0 0 0 0 0 0 0 0 0 0 0 0 0 0 0 0 0 0 0 0 0 0 0 0 0 0 0 0 0 0 0 0 0 0 0 0 0 0 0 0 0 0 0 0 0 0 0 0 0 0 0 0 0 0 0 0 0 0 0 0 0 0 0 0 0 0 0 0 0 0 0
274 464 -319 -668 960 60 -364 -700 815 66 0 0 0 0 0 0 0 0 0 0 0 0 0 0 0 0 0 0 0 0 0 0 0 0 0 0 0 0 0 0 0 0 0 0 0 0 0 0 0 0 0 0 0 0 0 0 0 0 0 0 0 0 0 0 0 0 0 0 0 0 0 0 0 0 0 0 0 0 0 0 0 0 0 0 0 0 0 0 0 0 0 0 0 0 0 0 0 0 0 0
426 977 -131 -1003 355 570 1021 584 -876 732 316 0 0 0 0 0 0 0 0 0 0 0 0 0 0 0 0 0 0 0 0 0 0 0 0 0 0 0 0 0 0 0 0 0 0 0 0 0 0 0 0 0 0 0 0 0 0 0 0 0 0 0 0 0 0 0 0 0 0 0 0 0 0 0 0 0 0 0 0 0 0 0 0 0 0 0 0 0 0 0 0 0 0 0 0 0 0 0 0 0
252 -133 769 230 940 340 -402 271 688 423 681 972 0 0 0 0 0 0 0 0 0 0 0 0 0 0 0 0 0 0 0 0 0 0 0 0 0 0 0 0 0 0 0 0 0 0 0 0 0 0 0 0 0 0 0 0 0 0 0 0 0 0 0 0 0 0 0 0 0 0 0 0 0 0 0 0 0 0 0 0 0 0 0 0 0 0 0 0 0 0 0 0 0 0 0 0 0 0 0 0
296 -617 605 -619 -239 -940 -377 735 907 600 -923 -958 -771 0 0 0 0 0 0 0 0 0 0 0 0 0 0 0 0 0 0 0 0 0 0 0 0 0 0 0 0 0 0 0 0 0 0 0 0 0 0 0 0 0 0 0 0 0 0 0 0 0 0 0 0 0 0 0 0 0 0 0 0 0 0 0 0 0 0 0 0 0 0 0 0 0 0 0 0 0 0 0 0 0 0 0 0 0 0 0
609 -502 -943 -399 -929 680 730 534 2 132 653 -960 -351 -53 0 0 0 0 0 0 0 0 0 0 0 0 0 0 0 0 0 0 0 0 0 0 0 0 0 0 0 0 0 0 0 0 0 0 0 0 0 0 0 0 0 0 0 0 0 0 0 0 0 0 0 0 0 0 0 0 0 0 0 0 0 0 0 0 0 0 0 0 0 0 0 0 0 0 0 0 0 0 0 0 0 0 0 0 0 0
526 -541 -561 -492 400 -526 404 -727 -409 -505 545 -861 -146 26 -887 0 0 0 0 0 0 0 0 0 0 0 0 0 0 0 0 0 0 0 0 0 0 0 0 0 0 0 0 0 0 0 0 0 0 0 0 0 0 0 0 0 0 0 0 0 0 0 0 0 0 0 0 0 0 0 0 0 0 0 0 0 0 0 0 0 0 0 0 0 0 0 0 0 0 0 0 0 0 0 0 0 0 0 0 0
892 325 -415 -180 274 -423 -513 -233 -964 343 252 906 -539 798 552 511 0 0 0 0 0 0 0 0 0 0 0 0 0 0 0 0 0 0 0 0 0 0 0 0 0 0 0 0 0 0 0 0 0 0 0 0 0 0 0 0 0 0 0 0 0 0 0 0 0 0 0 0 0 0 0 0 0 0 0 0 0 0 0 0 0 0 0 0 0 0 0 0 0 0 0 0 0 0 0 0 0 0 0 0
-306 262 342 926 665 962 101 869 515 568 -691 -457 -372 766 571 3 383 0 0 0 0 0 0 0 0 0 0 0 0 0 0 0 0 0 0 0 0 0 0 0 0 0 0 0 0 0 0 0 0 0 0 0 0 0 0 0 0 0 0 0 0 0 0 0 0 0 0 0 0 0 0 0 0 0 0 0 0 0 0 0 0 0 0 0 0 0 0 0 0 0 0 0 0 0 0 0 0 0 0 0
608 -313 -270 685 717 688 753 -308 1007 802 -72 -844 -709 654 149 -180 -977 718 0 0 0 0 0 0 0 0 0 0 0 0 0 0 0 0 0 0 0 0 0 0 0 0 0 0 0 0 0 0 0 0 0 0 0 0 0 0 0 0 0 0 0 0 0 0 0 0 0 0 0 0 0 0 0 0 0 0 0 0 0 0 0 0 0 0 0 0 0 0 0 0 0 0 0 0 0 0 0 0 0 0
-4 -426 -967 -892 -605 -1007 620 -849 877 -554 -721 703 -701 882 228 -681 -251 -330 -707 0 0 0 0 0 0 0 0 0 0 0 0 0 0 0 0 0 0 0 0 0 0 0 0 0 0 0 0 0 0 0 0 0 0 0 0 0 0 0 0 0 0 0 0 0 0 0 0 0 0 0 0 0 0 0 0 0 0 0 0 0 0 0 0 0 0 0 0 0 0 0 0 0 0 0 0 0 0 0 0 0
1015 -879 -784 744 -491 -817 -351 -216 80 -928 -848 -106 -855 -774 -588 930 -29 -401 240 -237 0 0 0 0 0 0 0 0 0 0 0 0 0 0 0 0 0 0 0 0 0 0 0 0 0 0 0 0 0 0 0 0 0 0 0 0 0 0 0 0 0 0 0 0 0 0 0 0 0 0 0 0 0 0 0 0 0 0 0 0 0 0 0 0 0 0 0 0 0 0 0 0 0 0 0 0 0 0 0 0
-823 -503 387 521 -162 -172 -93 -571 -125 502 1010 831 -50 -885 935 -1003 -982 619 146 232 84 0 0 0 0 0 0 0 0 0 0 0 0 0 0 0 0 0 0 0 0 0 0 0 0 0 0 0 0 0 0 0 0 0 0 0 0 0 0 0 0 0 0 0 0 0 0 0 0 0 0 0 0 0 0 0 0 0 0 0 0 0 0 0 0 0 0 0 0 0 0 0 0 0 0 0 0 0 0 0
612 -275 329 -228 -921 -644 516 787 655 -750 235 -626 -903 991 211 -206 405 106 602 661 841 -283 0 0 0 0 0 0 0 0 0 0 0 0 0 0 0 0 0 0 0 0 0 0 0 0 0 0 0 0 0 0 0 0 0 0 0 0 0 0 0 0 0 0 0 0 0 0 0 0 0 0 0 0 0 0 0 0 0 0 0 0 0 0 0 0 0 0 0 0 0 0 0 0 0 0 0 0 0 0
986 -655 -882 932 -98 174 -1002 -701 246 -241 648 702 -873 556 85 957 221 215 -842 245 -768 857 833 0 0 0 0 0 0 0 0 0 0 0 0 0 0 0 0 0 0 0 0 0 0 0 0 0 0 0 0 0 0 0 0 0 0 0 0 0 0 0 0 0 0 0 0 0 0 0 0 0 0 0 0 0 0 0 0 0 0 0 0 0 0 0 0 0 0 0 0 0 0 0 0 0 0 0 0 0
503 -514 -970 -280 -861 972 276 446 -526 269 884 912 339 -1014 906 657 221 280 913 -490 -312 1010 980 -923 0 0 0 0 0 0 0 0 0 0 0 0 0 0 0 0 0 0 0 0 0 0 0 0 0 0 0 0 0 0 0 0 0 0 0 0 0 0 0 0 0 0 0 0 0 0 0 0 0 0 0 0 0 0 0 0 0 0 0 0 0 0 0 0 0 0 0 0 0 0 0 0 0 0 0 0
-510 -114 214 717 891 498 -32 -695 -577 -638 516 -318 504 -396 905 124 -669 1012 712 171 -528 342 -224 -699 967 0 0 0 0 0 0 0 0 0 0 0 0 0 0 0 0 0 0 0 0 0 0 0 0 0 0 0 0 0 0 0 0 0 0 0 0 0 0 0 0 0 0 0 0 0 0 0 0 0 0 0 0 0 0 0 0 0 0 0 0 0 0 0 0 0 0 0 0 0 0 0 0 0 0 0
573 -688 -864 -550 711 539 478 -394 264 -657 -888 354 -74 -7 198 -660 234 -704 942 -347 -659 -217 159 -629 -873 -613 0 0 0 0 0 0 0 0 0 0 0 0 0 0 0 0 0 0 0 0 0 0 0 0 0 0 0 0 0 0 0 0 0 0 0 0 0 0 0 0 0 0 0 0 0 0 0 0 0 0 0 0 0 0 0 0 0 0 0 0 0 0 0 0 0 0 0 0 0 0 0 0 0 0
-583 -257 360 688 -178 5 723 -354 -362 475 731 -971 168 805 -963 -677 465 432 -531 -937 860 552 486 -126 -274 823 -205 0 0 0 0 0 0 0 0 0 0 0 0 0 0 0 0 0 0 0 0 0 0 0 0 0 0 0 0 0 0 0 0 0 0 0 0 0 0 0 0 0 0 0 0 0 0 0 0 0 0 0 0 0 0 0 0 0 0 0 0 0 0 0 0 0 0 0 0 0 0 0 0 0
52 -14 -906 -28 -114 -788 -826 -613 -926 -933 -661 -693 -340 -597 -598 -47 -976 993 162 -832 -931 626 -631 -565 -636 -567 -40 2 0 0 0 0 0 0 0 0 0 0 0 0 0 0 0 0 0 0 0 0 0 0 0 0 0 0 0 0 0 0 0 0 0 0 0 0 0 0 0 0 0 0 0 0 0 0 0 0 0 0 0 0 0 0 0 0 0 0 0 0 0 0 0 0 0 0 0 0 0 0 0 0
22 -227 -192 667 -629 -449 -761 -965 -840 311 785 874 -892 -299 -487 -581 -672 -730 306 -671 956 524 -196 -695 -231 207 574 873 973 0 0 0 0 0 0 0 0 0 0 0 0 0 0 0 0 0 0 0 0 0 0 0 0 0 0 0 0 0 0 0 0 0 0 0 0 0 0 0 0 0 0 0 0 0 0 0 0 0 0 0 0 0 0 0 0 0 0 0 0 0 0 0 0 0 0 0 0 0 0 0
244 -154 661 -803 27 -496 -266 -923 -171 -294 886 150 48 -1 -969 281 397 -103 -43 -250 471 -740 879 103 823 -221 -598 -178 -934 -211 0 0 0 0 0 0 0 0 0 0 0 0 0 0 0 0 0 0 0 0 0 0 0 0 0 0 0 0 0 0 0 0 0 0 0 0 0 0 0 0 0 0 0 0 0 0 0 0 0 0 0 0 0 0 0 0 0 0 0 0 0 0 0 0 0 0 0 0 0 0
-686 128 361 592 124 -138 1011 -810 -799 668 405 -724 -150 223 -830 -675 -437 -984 1014 421 -311 -758 -396 960 992 -243 -415 962 412 -930 707 0 0 0 0 0 0 0 0 0 0 0 0 0 0 0 0 0 0 0 0 0 0 0 0 0 0 0 0 0 0 0 0 0 0 0 0 0 0 0 0 0 0 0 0 0 0 0 0 0 0 0 0 0 0 0 0 0 0 0 0 0 0 0 0 0 0 0 0 0
-812 528 -909 -980 -753 -143 726 -919 204 79 78 280 227 -953 862 572 -521 -934 -1020 971 940 506 -489 418 -795 99 -617 -943 -1021 -919 -161 669 0 0 0 0 0 0 0 0 0 0 0 0 0 0 0 0 0 0 0 0 0 0 0 0 0 0 0 0 0 0 0 0 0 0 0 0 0 0 0 0 0 0 0 0 0 0 0 0 0 0 0 0 0 0 0 0 0 0 0 0 0 0 0 0 0 0 0 0
851 -368 598 512 -407 323 -456 -962 962 -128 -803 -331 234 325 698 -337 -375 -404 430 -107 -620 978 122 -22 807 1023 775 -908 -653 -339 298 -906 -584 0 0 0 0 0 0 0 0 0 0 0 0 0 0 0 0 0 0 0 0 0 0 0 0 0 0 0 0 0 0 0 0 0 0 0 0 0 0 0 0 0 0 0 0 0 0 0 0 0 0 0 0 0 0 0 0 0 0 0 0 0 0 0 0 0 0 0
270 -735 -336 211 714 341 698 -972 477 -558 -548 476 -612 -245 -306 -120 -592 938 -274 -259 268 59 -198 755 -194 -870 589 -40 -144 1015 -65 -856 655 -569 0 0 0 0 0 0 0 0 0 0 0 0 0 0 0 0 0 0 0 0 0 0 0 0 0 0 0 0 0 0 0 0 0 0 0 0 0 0 0 0 0 0 0 0 0 0 0 0 0 0 0 0 0 0 0 0 0 0 0 0 0 0 0 0 0 0
879 -387 -704 -3 340 -960 126 516 -161 -366 -742 920 848 1006 -412 -335 476 -928 -205 -112 920 14 -101 995 -494 -863 459 -670 -99 255 -549 -849 -506 407 -90 0 0 0 0 0 0 0 0 0 0 0 0 0 0 0 0 0 0 0 0 0 0 0 0 0 0 0 0 0 0 0 0 0 0 0 0 0 0 0 0 0 0 0 0 0 0 0 0 0 0 0 0 0 0 0 0 0 0 0 0 0 0 0 0 0
-368 -24 -140 727 424 -369 -640 32 -601 254 -217 -362 -423 444 -645 768 456 869 -947 78 -463 211 241 -777 51 193 -58 943 -1016 75 -77 731 -194 509 -943 520 0 0 0 0 0 0 0 0 0 0 0 0 0 0 0 0 0 0 0 0 0 0 0 0 0 0 0 0 0 0 0 0 0 0 0 0 0 0 0 0 0 0 0 0 0 0 0 0 0 0 0 0 0 0 0 0 0 0 0 0 0 0 0 0
946 603 917 -153 825 -675 661 -61 638 417 606 -465 -820 -549 432 -806 -67 -240 -384 257 210 759 -940 823 887 623 642 476 316 -492 910 -601 -626 839 42 682 -354 0 0 0 0 0 0 0 0 0 0 0 0 0 0 0 0 0 0 0 0 0 0 0 0 0 0 0 0 0 0 0 0 0 0 0 0 0 0 0 0 0 0 0 0 0 0 0 0 0 0 0 0 0 0 0 0 0 0 0 0 0 0 0
506 191 -711 955 18 -719 -194 994 859 -114 -316 129 778 567 -639 -694 -135 -265 -143 814 990 -460 -505 -27 207 746 589 51 -176 -878 -886 -724 -996 -699 258 649 630 -853 0 0 0 0 0 0 0 0 0 0 0 0 0 0 0 0 0 0 0 0 0 0 0 0 0 0 0 0 0 0 0 0 0 0 0 0 0 0 0 0 0 0 0 0 0 0 0 0 0 0 0 0 0 0 0 0 0 0 0 0 0 0
-151 516 951 881 229 191 -1005 473 -833 -11 657 369 281 -331 -157 -632 -12 -601 -149 -58 831 705 330 382 -263 995 734 863 843 440 -196 -960 746 -665 -531 426 8 -422 903 0 0 0 0 0 0 0 0 0 0 0 0 0 0 0 0 0 0 0 0 0 0 0 0 0 0 0 0 0 0 0 0 0 0 0 0 0 0 0 0 0 0 0 0 0 0 0 0 0 0 0 0 0 0 0 0 0 0 0 0 0
-170 -1008 47 46 -219 -95 292 -657 -664 -143 -943 -343 -342 -513 277 293 -36 335 204 -868 343 -340 -235 -908 501 -877 478 -79 -242 -728 578 -1015 -387 25 -217 -849 60 884 -729 -383 0 0 0 0 0 0 0 0 0 0 0 0 0 0 0 0 0 0 0 0 0 0 0 0 0 0 0 0 0 0 0 0 0 0 0 0 0 0 0 0 0 0 0 0 0 0 0 0 0 0 0 0 0 0 0 0 0 0 0 0
160 305 -915 -16 313 544 887 -498 136 603 822 843 -690 -718 -641 520 896 -932 -987 -469 -933 -122 142 -998 834 200 -247 -56 273 837 896 -939 362 773 932 924 714 -348 -389 641 -984 0 0 0 0 0 0 0 0 0 0 0 0 0 0 0 0 0 0 0 0 0 0 0 0 0 0 0 0 0 0 0 0 0 0 0 0 0 0 0 0 0 0 0 0 0 0 0 0 0 0 0 0 0 0 0 0 0 0 0
324 893 -921 -798 908 -782 984 135 755 -77 752 163 -673 126 -10 -372 -653 496 -253 16 -877 -635 -766 -734 -460 -133 -8 -254 -102 1020 738 -355 -987 -58 717 930 279 892 -485 -408 -739 -148 0 0 0 0 0 0 0 0 0 0 0 0 0 0 0 0 0 0 0 0 0 0 0 0 0 0 0 0 0 0 0 0 0 0 0 0 0 0 0 0 0 0 0 0 0 0 0 0 0 0 0 0 0 0 0 0 0 0
-310 100 -380 772 -760 513 652 929 158 -224 -960 614 186 -818 -13 -914 930 990 694 134 430 65 55 887 -466 -681 365 -155 -441 939 -751 -83 -960 688 1019 -959 -317 -580 197 -511 -145 -980 890 0 0 0 0 0 0 0 0 0 0 0 0 0 0 0 0 0 0 0 0 0 0 0 0 0 0 0 0 0 0 0 0 0 0 0 0 0 0 0 0 0 0 0 0 0 0 0 0 0 0 0 0 0 0 0 0 0
-455 762 130 368 1022 804 107 -276 -244 481 -987 -957 978 -913 -205 709 -497 -21 122 -526 -284 207 -385 -355 -434 -483 -658 -917 -211 17 -15 342 1016 417 -651 650 203 557 385 46 743 989 173 -235 0 0 0 0 0 0 0 0 0 0 0 0 0 0 0 0 0 0 0 0 0 0 0 0 0 0 0 0 0 0 0 0 0 0 0 0 0 0 0 0 0 0 0 0 0 0 0 0 0 0 0 0 0 0 0 0
-744 892 -684 115 -878 -872 861 -999 -111 -495 -259 -927 528 225 548 -213 859 852 505 -661 -491 17 643 -74 665 764 -341 11 70 -156 -881 820 13 97 -330 752 -376 271 42 78 -309 -541 876 -987 1 0 0 0 0 0 0 0 0 0 0 0 0 0 0 0 0 0 0 0 0 0 0 0 0 0 0 0 0 0 0 0 0 0 0 0 0 0 0 0 0 0 0 0 0 0 0 0 0 0 0 0 0 0 0 0
-842 575 -195 -170 723 -453 284 943 532 35 -862 518 -115 -970 -997 701 915 -817 389 719 -233 -367 -714 342 -846 632 243 869 -625 577 371 474 -56 -393 960 416 292 891 221 -806 -340 -553 -475 -875 -711 -176 0 0 0 0 0 0 0 0 0 0 0 0 0 0 0 0 0 0 0 0 0 0 0 0 0 0 0 0 0 0 0 0 0 0 0 0 0 0 0 0 0 0 0 0 0 0 0 0 0 0 0 0 0 0
362 803 -575 1006 805 374 -540 -628 703 284 594 -860 -930 996 355 -487 -894 -376 -538 308 47 730 -267 -415 -320 281 11 -481 -207 206 -176 138 -686 -33 -705 580 -352 -57 -568 -511 -596 928 -892 -976 974 -927 32 0 0 0 0 0 0 0 0 0 0 0 0 0 0 0 0 0 0 0 0 0 0 0 0 0 0 0 0 0 0 0 0 0 0 0 0 0 0 0 0 0 0 0 0 0 0 0 0 0 0 0 0 0
-823 -734 -600 366 -443 256 -496 629 -85 -745 -16 -992 -143 -297 17 -560 1005 -603 733 -414 852 379 476 -986 306 274 -871 398 -333 -88 470 908 -627 274 729 897 971 211 -38 -443 1019 80 -920 -120 -31 -332 -230 -1011 0 0 0 0 0 0 0 0 0 0 0 0 0 0 0 0 0 0 0 0 0 0 0 0 0 0 0 0 0 0 0 0 0 0 0 0 0 0 0 0 0 0 0 0 0 0 0 0 0 0 0 0
-981 -170 351 -553 909 290 -634 962 194 932 850 -845 -469 -981 -416 322 816 -272 -191 -455 472 -424 113 -250 231 781 -611 -391 -681 -543 -425 526 -846 -544 -482 -759 428 -979 613 -58 915 840 -29 -522 19 -72 -804 -457 -281 0 0 0 0 0 0 0 0 0 0 0 0 0 0 0 0 0 0 0 0 0 0 0 0 0 0 0 0 0 0 0 0 0 0 0 0 0 0 0 0 0 0 0 0 0 0 0 0 0 0 0
-771 910 623 -720 -303 -918 -940 213 887 -193 641 -896 393 10 451 -347 -981 518 965 414 -550 -298 -229 -580 451 -613 434 -386 -713 -177 504 -992 931 474 -93 -346 688 226 -439 358 -481 -348 992 -423 664 -765 184 -1001 507 -408 0 0 0 0 0 0 0 0 0 0 0 0 0 0 0 0 0 0 0 0 0 0 0 0 0 0 0 0 0 0 0 0 0 0 0 0 0 0 0 0 0 0 0 0 0 0 0 0 0 0
1004 857 723 -507 184 -714 875 604 -804 -320 -821 -581 124 529 637 -744 627 16 843 -424 -944 -621 -329 -479 -454 -194 391 -474 -228 598 730 851 864 46 1014 978 -948 316 -145 96 48 1002 711 -769 -77 226 -249 913 344 993 -370 0 0 0 0 0 0 0 0 0 0 0 0 0 0 0 0 0 0 0 0 0 0 0 0 0 0 0 0 0 0 0 0 0 0 0 0 0 0 0 0 0 0 0 0 0 0 0 0 0
72 -177 887 46 539 4 -58 -101 -722 -613 -271 124 -350 -138 -383 211 740 207 811 611 -182 -303 489 -4 967 78 -911 -732 875 953 -844 -327 280 -705 -39 -551 492 427 -772 657 -10 600 -211 322 -434 242 -655 -495 476 315 -139 -135 0 0 0 0 0 0 0 0 0 0 0 0 0 0 0 0 0 0 0 0 0 0 0 0 0 0 0 0 0 0 0 0 0 0 0 0 0 0 0 0 0 0 0 0 0 0 0 0
-54 -611 271 -115 1022 -898 -956 -148 768 -383 807 -521 -682 574 -573 -824 -130 796 1016 -198 455 -652 -255 970 -206 -43 264 -569 960 40 222 -594 408 -204 943 768 638 35 -317 -905 -56 -84 105 889 -249 -427 -209 -687 446 -265 -908 315 -916 0 0 0 0 0 0 0 0 0 0 0 0 0 0 0 0 0 0 0 0 0 0 0 0 0 0 0 0 0 0 0 0 0 0 0 0 0 0 0 0 0 0 0 0 0 0 0
534 841 -88 -947 316 -504 -257 504 828 779 804 40 215 -539 -326 -251 -956 -1001 58 796 -577 823 460 849 -985 108 -301 131 1000 -723 -206 -711 -47 -629 -485 718 -732 -12 252 174 -328 -889 486 837 387 280 -623 298 83 -19 -95 404 890 -985 0 0 0 0 0 0 0 0 0 0 0 0 0 0 0 0 0 0 0 0 0 0 0 0 0 0 0 0 0 0 0 0 0 0 0 0 0 0 0 0 0 0 0 0 0 0
504 -479 -15 -223 377 344 -631 -1018 -650 663 207 378 -20 -656 -409 813 860 801 -593 -316 677 -727 -476 33 -982 -153 408 81 826 -949 -225 208 649 -128 657 -166 -807 183 165 -777 -441 -317 -234 -568 932 623 804 -734 -96 -202 770 -713 -619 345 -375 0 0 0 0 0 0 0 0 0 0 0 0 0 0 0 0 0 0 0 0 0 0 0 0 0 0 0 0 0 0 0 0 0 0 0 0 0 0 0 0 0 0 0 0 0
156 338 524 945 255 307 916 -627 -74 470 596 387 -696 256 435 -927 676 883 100 71 -779 -153 -926 -292 265 533 -511 961 489 964 208 455 486 -718 -761 421 6 246 -175 18 831 43 252 623 -618 -452 762 -854 1011 -1012 265 737 81 -129 390 863 0 0 0 0 0 0 0 0 0 0 0 0 0 0 0 0 0 0 0 0 0 0 0 0 0 0 0 0 0 0 0 0 0 0 0 0 0 0 0 0 0 0 0 0
-1010 761 -492 -514 768 200 147 611 671 -856 -968 -19 -131 -585 206 172 996 623 482 -35 132 95 -235 869 -413 -457 837 -665 -999 668 370 -49 686 89 -847 -24 -535 -147 380 244 -19 -907 -303 -382 693 -206 -214 212 -730 -961 66 -896 689 288 -910 562 -889 0 0 0 0 0 0 0 0 0 0 0 0 0 0 0 0 0 0 0 0 0 0 0 0 0 0 0 0 0 0 0 0 0 0 0 0 0 0 0 0 0 0 0
-946 -497 940 459 -872 -111 940 -822 -897 -178 -180 -214 -770 181 -701 797 187 1012 -460 -405 142 910 -311 -697 846 -767 -384 267 385 762 877 -249 -365 -678 20 538 55 -105 -86 -456 990 -549 831 -679 -304 -659 388 473 -362 -517 -620 37 -837 982 -909 -50 146 67 0 0 0 0 0 0 0 0 0 0 0 0 0 0 0 0 0 0 0 0 0 0 0 0 0 0 0 0 0 0 0 0 0 0 0 0 0 0 0 0 0 0
-42 -559 -833 930 -493 -573 -829 813 522 -1001 311 -76 661 990 -1020 913 854 388 522 38 -638 -775 302 -582 310 437 406 337 41 -179 -170 -1020 985 -649 -545 -941 -191 225 712 -110 -467 380 165 224 -901 729 671 -76 956 707 118 79 -75 201 -970 -856 -154 853 -686 0 0 0 0 0 0 0 0 0 0 0 0 0 0 0 0 0 0 0 0 0 0 0 0 0 0 0 0 0 0 0 0 0 0 0 0 0 0 0 0 0
-919 381 -1017 -209 276 -455 -222 44 -746 905 369 -761 546 280 376 -501 165 -978 462 -795 -288 425 596 -822 473 148 -232 156 -261 -847 78 259 294 258 125 -342 -446 -969 -109 -62 -473 -933 -549 -313 -978 892 862 -234 1012 340 -449 512 -571 -922 700 -158 719 153 -295 687 0 0 0 0 0 0 0 0 0 0 0 0 0 0 0 0 0 0 0 0 0 0 0 0 0 0 0 0 0 0 0 0 0 0 0 0 0 0 0 0
339 1014 267 481 578 -1012 -372 964 220 487 -387 -605 862 102 596 595 995 -124 -101 981 261 -976 -62 640 825 697 -667 435 309 -372 528 -238 600 -737 855 -82 -808 445 -722 79 401 848 -881 480 58 462 608 -483 1008 -454 735 -502 252 -618 449 366 -822 958 854 -212 140 0 0 0 0 0 0 0 0 0 0 0 0 0 0 0 0 0 0 0 0 0 0 0 0 0 0 0 0 0 0 0 0 0 0 0 0 0 0 0
823 -894 -680 167 335 279 -115 474 -115 -329 454 -899 -9 -531 -613 73 517 -797 21 880 -56 536 -105 -518 -447 56 -44 3 363 -495 -60 270 263 760 -934 427 -941 898 353 176 -628 760 70 634 323 339 549 -380 243 -69 244 -918 441 -294 -182 -856 634 -994 -603 -100 570 238 0 0 0 0 0 0 0 0 0 0 0 0 0 0 0 0 0 0 0 0 0 0 0 0 0 0 0 0 0 0 0 0 0 0 0 0 0 0
370 -253 815 -751 932 885 713 -429 -234 378 112 -51 13 980 901 -568 761 551 932 526 916 -675 50 993 69 -154 -296 458 785 623 -873 -10 -546 -480 704 653 -693 -914 841 940 -60 621 584 350 -187 -628 519 -570 -474 -469 -753 711 -328 -1005 -443 -166 76 814 226 745 -246 -636 -83 0 0 0 0 0 0 0 0 0 0 0 0 0 0 0 0 0 0 0 0 0 0 0 0 0 0 0 0 0 0 0 0 0 0 0 0 0
822 -932 -892 -218 -435 700 -456 -33 528 789 58 -635 763 -102 -601 -122 -140 917 744 101 -1023 -1024 -80 975 -427 -955 593 752 856 707 634 -322 -296 -744 -941 -373 -616 -666 -875 539 376 -514 957 -825 4 4 179 -250 1003 -930 760 -791 876 362 446 142 -67 -819 397 516 -913 -178 1021 -710 0 0 0 0 0 0 0 0 0 0 0 0 0 0 0 0 0 0 0 0 0 0 0 0 0 0 0 0 0 0 0 0 0 0 0 0
734 -750 123 730 478 -794 -241 -227 923 -46 -844 858 243 534 233 937 -274 145 -399 -249 -461 727 -936 504 -239 141 -773 -706 -962 597 124 -145 -631 -694 -345 290 -764 119 542 434 -1015 462 -775 -823 -786 554 834 -215 668 657 983 403 512 17 -825 261 533 -873 -730 -628 -922 -782 -885 -679 -737 0 0 0 0 0 0 0 0 0 0 0 0 0 0 0 0 0 0 0 0 0 0 0 0 0 0 0 0 0 0 0 0 0 0 0
-168 663 830 688 234 731 -478 613 -939 -746 119 -900 289 -973 -926 -588 -1010 -101 -548 -120 -469 -664 -174 198 -820 655 807 669 -46 -527 289 -183 -624 606 1001 -288 -68 116 617 -448 -788 7 570 -714 -836 -250 -72 249 904 212 -798 470 -458 -449 292 -129 717 1010 -259 478 164 428 -153 -940 -623 -841 0 0 0 0 0 0 0 0 0 0 0 0 0 0 0 0 0 0 0 0 0 0 0 0 0 0 0 0 0 0 0 0 0 0
887 -214 -609 -737 -813 -42 -419 71 -105 -984 752 -814 -246 -659 364 826 -296 -488 -564 532 22 588 419 -19 -989 894 -751 378 648 -434 -670 -634 -350 -841 698 -562 -243 -1013 -370 -148 440 -166 596 7 136 765 896 810 -927 -685 -830 -349 -739 285 -710 -773 -361 30 902 -802 88 -306 431 -764 -991 -769 732 0 0 0 0 0 0 0 0 0 0 0 0 0 0 0 0 0 0 0 0 0 0 0 0 0 0 0 0 0 0 0 0 0
590 332 -581 0 -780 -909 329 -701 117 -766 397 -554 -793 -159 978 -214 17 -991 -600 -819 174 -876 -875 643 -832 548 -282 948 -694 -514 -916 -884 -622 -723 246 -977 -93 -39 809 180 223 481 -264 -717 -416 1019 -541 -560 -385 997 466 -5 400 869 541 -508 -522 363 679 -290 492 643 3 -114 341 582 979 580 0 0 0 0 0 0 0 0 0 0 0 0 0 0 0 0 0 0 0 0 0 0 0 0 0 0 0 0 0 0 0 0
-184 -615 598 138 -272 -830 151 -781 113 -58 -857 455 17 129 45 953 -707 -784 644 -796 338 368 -379 -34 753 -798 834 682 -93 -618 155 -215 998 799 965 -816 817 -495 844 -566 -599 -113 -886 13 -778 -293 -670 -405 -742 -56 153 294 693 -1016 -700 -194 -357 -178 622 898 -924 -342 753 1005 -589 218 -949 -552 -538 0 0 0 0 0 0 0 0 0 0 0 0 0 0 0 0 0 0 0 0 0 0 0 0 0 0 0 0 0 0 0
-373 -1012 -535 -282 125 650 348 851 963 781 298 -313 72 205 112 -632 728 717 438 85 728 166 -724 -945 -197 -951 181 -5 249 456 -199 -142 583 876 541 -172 977 -136 776 -139 881 -456 331 -220 -850 986 -19 -258 516 404 512 168 871 -499 468 890 -105 107 330 462 -563 -283 1015 595 910 -202 702 -454 183 814 0 0 0 0 0 0 0 0 0 0 0 0 0 0 0 0 0 0 0 0 0 0 0 0 0 0 0 0 0 0
973 94 -633 -818 825 -709 -892 -671 -691 -579 771 867 -545 195 -865 245 96 -961 478 -719 472 -940 366 853 -539 -158 407 -951 222 250 380 915 -667 -120 -456 -1003 -57 -673 381 238 584 1020 -341 984 -606 -609 560 -203 684 27 -655 -927 501 104 319 -108 -319 297 -325 -118 -430 -574 -257 123 -114 667 -278 -122 591 68 -865 0 0 0 0 0 0 0 0 0 0 0 0 0 0 0 0 0 0 0 0 0 0 0 0 0 0 0 0 0
-976 -781 -1014 888 -345 61 170 -947 -372 -755 -342 -829 463 712 -964 -257 -478 -36 -36 28 400 788 -96 -364 -668 -309 -437 -78 -531 540 731 -224 -61 393 -483 287 863 -220 -280 429 -39 -302 83 -271 -97 877 -947 180 437 449 602 -456 900 -41 -395 -10 -691 -299 -557 -851 -1001 507 -323 557 -719 -529 71 -68 -796 453 154 -107 0 0 0 0 0 0 0 0 0 0 0 0 0 0 0 0 0 0 0 0 0 0 0 0 0 0 0 0
72 985 -53 509 -765 -512 370 -170 -819 12 978 658 -388 -155 -564 462 -248 431 -847 286 -833 488 -383 -567 -178 658 933 -395 -432 451 -4 253 1003 -245 4 581 -636 521 -111 -269 -948 -931 -756 292 -980 -230 -304 -393 -10 -977 -296 505 493 191 272 -351 7 730 -345 441 187 -366 266 -897 -454 57 418 -387 -478 468 -110 -665 -205 0 0 0 0 0 0 0 0 0 0 0 0 0 0 0 0 0 0 0 0 0 0 0 0 0 0 0
405 75 398 493 -442 5 -264 -316 65 838 726 363 140 -1003 -477 355 216 -186 -543 -791 -66 226 614 -385 701 859 -725 -509 929 -354 -481 -20 870 -239 -291 645 558 597 417 508 656 -767 225 930 -578 -735 -890 -478 -998 -530 265 -631 -443 -813 -168 -639 918 -701 -130 -483 469 246 947 -434 740 54 1007 483 758 102 -187 -1023 -14 -699 0 0 0 0 0 0 0 0 0 0 0 0 0 0 0 0 0 0 0 0 0 0 0 0 0 0
570 -403 294 -674 723 -27 -603 -1019 -1014 411 74 -632 454 715 -296 -501 -929 813 812 634 797 -519 -717 723 290 -961 -154 -975 768 -35 -532 384 210 810 14 -563 -408 940 736 763 266 -488 576 875 784 1022 320 839 -680 589 -987 -240 302 -56 -170 -866 759 170 -96 372 -609 408 -64 -198 288 53 395 26 736 16 185 166 -738 23 -591 0 0 0 0 0 0 0 0 0 0 0 0 0 0 0 0 0 0 0 0 0 0 0 0 0
900 873 279 879 670 739 -95 583 667 696 862 553 383 574 -24 -696 -200 35 852 -399 860 38 -473 1003 859 62 69 239 -422 -286 -564 141 582 -817 -655 -231 628 678 -352 -296 -492 -877 -108 -904 642 231 862 -159 113 -479 169 126 -905 160 -353 -11 -958 757 158 745 -492 -924 -285 -752 -471 -396 797 -102 544 -134 -642 305 -403 980 698 527 0 0 0 0 0 0 0 0 0 0 0 0 0 0 0 0 0 0 0 0 0 0 0 0
107 -456 984 -816 170 -580 -391 229 490 217 -1006 700 487 942 -762 -144 -142 -42 -670 338 702 -969 165 -760 -179 -843 -732 -589 527 441 -872 11 966 770 -474 147 -172 956 -644 -875 -558 -952 -230 -4 -531 975 462 495 492 -550 185 359 726 -339 25 -519 297 317 172 706 243 -680 702 -295 -401 163 -305 688 740 -504 95 412 550 -6 375 -544 31 0 0 0 0 0 0 0 0 0 0 0 0 0 0 0 0 0 0 0 0 0 0 0
-980 319 157 577 335 139 1014 822 712 -297 285 720 -51 648 468 603 307 864 467 329 622 321 -388 -852 -701 -528 -155 -107 535 509 273 -929 -249 -724 967 -901 -253 691 710 -363 410 825 661 273 -983 215 461 665 -684 195 117 831 797 310 669 -766 -504 128 -594 -680 -929 715 -856 -930 -333 256 -341 -725 927 -245 213 807 -611 -253 696 -433 -702 -922 0 0 0 0 0 0 0 0 0 0 0 0 0 0 0 0 0 0 0 0 0 0
318 1006 481 391 -15 -933 -735 -281 -614 -322 -370 -316 -86 469 -429 356 171 209 729 -684 -282 -900 934 966 637 -904 909 -778 441 777 -696 429 -1023 -297 591 90 -76 -952 102 -314 766 209 974 998 -97 912 -973 310 -725 501 943 -848 -120 535 -945 -735 -753 -151 630 590 347 847 -699 -405 -505 -764 349 -71 -894 -623 -825 -654 339 797 -778 -746 112 -709 -661 0 0 0 0 0 0 0 0 0 0 0 0 0 0 0 0 0 0 0 0 0
-757 555 972 -231 -987 -997 -281 254 -346 778 916 -256 40 -4 407 972 -168 -882 -441 -609 -601 972 -449 616 772 -787 630 -38 982 -328 -527 830 -396 143 376 -506 536 448 -310 286 330 -478 425 36 -871 274 -987 -238 118 614 734 532 391 -965 205 405 268 32 703 249 736 958 -392 -238 -667 -137 -644 -1009 -381 -76 -568 -762 744 579 -435 -777 -817 85 -77 405 0 0 0 0 0 0 0 0 0 0 0 0 0 0 0 0 0 0 0 0
-240 -843 -449 -425 654 984 -335 -405 652 15 -170 806 -412 -64 139 143 954 -414 -155 321 580 821 197 -227 -46 392 1011 -868 -167 846 612 -464 -292 -681 -897 -1024 373 -227 -517 186 -167 444 232 -104 -217 -342 253 -1007 921 537 582 -617 -702 -92 -46 -319 567 -905 -444 49 159 -262 878 922 -202 932 407 527 161 747 -299 -485 82 152 -351 -40 -241 -351 84 -496 -652 0 0 0 0 0 0 0 0 0 0 0 0 0 0 0 0 0 0 0
-845 650 165 287 801 -115 -530 216 1018 765 -417 -342 644 713 460 -737 219 -96 -570 345 1019 249 -51 782 419 -689 -1005 349 -70 -1014 -404 153 -749 846 268 -358 272 956 -251 -266 -57 99 -205 876 475 196 507 419 507 -337 362 -367 -250 -517 238 -326 -726 -806 -964 -320 27 313 -427 923 -139 -952 -487 -362 -902 954 32 -585 563 -501 909 -133 -379 -868 62 994 -274 880 0 0 0 0 0 0 0 0 0 0 0 0 0 0 0 0 0 0
-315 -595 672 -139 568 581 -105 825 447 911 -977 -636 14 -94 -367 590 -341 202 609 349 -267 -804 -466 910 -540 364 -509 -1013 -625 254 -95 501 -658 -233 -525 397 -330 -507 134 -7 802 -156 -167 936 950 433 -390 125 -661 918 360 175 -950 783 70 70 -66 376 -539 -487 -874 903 4 983 -368 -270 -529 89 864 -267 -783 199 -770 489 -754 546 1012 126 459 -309 790 -368 989 0 0 0 0 0 0 0 0 0 0 0 0 0 0 0 0 0
-409 -307 295 -881 745 -916 215 396 566 -228 -371 -204 -248 -413 985 -470 76 483 114 -720 -178 961 18 428 -136 818 -768 60 931 320 471 626 619 -550 -318 -200 -789 491 935 16 313 -426 80 1007 740 266 655 673 839 237 -998 856 -278 -939 19 28 879 -269 387 922 -525 -979 211 19 55 71 662 330 -262 -950 273 -574 390 618 953 182 -253 -473 -954 -504 -337 -958 458 -769 0 0 0 0 0 0 0 0 0 0 0 0 0 0 0 0
-264 510 208 1008 -868 869 407 884 -446 781 960 -31 -372 -390 899 848 652 -64 347 -975 -880 887 -290 880 689 25 -626 -522 -614 621 439 903 -825 597 -279 -607 -406 -298 -241 -629 932 476 137 -338 859 214 -381 -598 -494 310 260 -98 801 -938 841 -878 451 590 304 -741 679 901 122 899 499 -839 22 -622 39 -81 -511 877 -56 195 -275 540 -532 -807 640 113 415 724 370 -235 -373 0 0 0 0 0 0 0 0 0 0 0 0 0 0 0
-261 75 -552 -854 -217 425 -969 755 -484 -827 214 -763 -553 -377 617 262 -563 993 970 606 -916 -620 -305 -442 1014 -768 253 -843 2 -414 1019 -339 223 184 -36 54 -164 -314 -67 -622 -885 -919 -294 -478 -255 -865 699 -954 407 -602 -774 581 619 -338 867 -434 -514 517 -965 -685 -367 -325 658 -631 139 216 1018 67 981 -419 525 -187 557 479 -817 -59 -764 902 -349 -613 769 -640 -20 128 142 292 0 0 0 0 0 0 0 0 0 0 0 0 0 0
-782 -273 836 -950 -357 -782 -415 664 717 613 960 -845 908 -93 921 879 672 -280 -19 847 857 -570 -616 258 166 960 94 873 608 -323 -516 -57 -152 939 643 -217 246 -30 107 -340 -745 178 329 -328 598 -484 487 549 617 856 256 -583 -699 -318 -142 202 675 655 -667 127 846 -528 -643 -824 -427 759 -966 573 975 -138 627 -805 436 595 988 -587 -591 54 -586 -211 -464 -319 268 -881 -205 60 813 0 0 0 0 0 0 0 0 0 0 0 0 0
-335 685 -165 715 12 718 3 -303 -349 -924 -976 543 798 -505 -716 -891 -484 496 -635 981 212 642 -700 790 29 82 685 -619 -418 696 940 100 580 263 278 -149 265 -462 764 136 41 -134 -579 -710 738 -38 446 -241 284 619 -134 -656 66 911 -478 105 476 310 -516 790 872 982 -916 -453 698 402 -451 866 767 198 172 1023 232 -769 755 -182 -948 -228 -212 982 -1013 -853 -191 940 -144 -121 793 224 0 0 0 0 0 0 0 0 0 0 0 0
244 -435 816 490 266 590 -840 494 -881 -568 203 -136 567 453 -696 97 -34 769 -909 864 732 0 -464 -433 -61 -294 135 290 -640 906 -862 -245 -481 -877 -582 -760 682 -349 210 356 -438 -686 -113 38 -441 332 -674 995 993 849 -42 412 472 349 78 -339 -759 -882 1008 642 -181 877 -531 -705 -130 -892 -697 -927 6 261 792 55 -23 1016 882 921 -477 95 757 422 970 566 825 -227 -490 47 103 182 -1002 0 0 0 0 0 0 0 0 0 0 0
49 820 -438 -983 -444 -1004 -52 -592 407 587 55 558 44 889 -442 820 -526 234 -187 -156 149 84 -553 -40 985 499 765 -101 -943 25 948 179 -475 -278 -1002 451 -765 -679 -257 -649 211 -94 837 -403 40 370 -893 -479 592 -26 647 -980 -588 -932 531 728 309 -933 501 -972 752 720 212 -695 -254 768 157 -235 767 534 -1007 -1014 -370 -447 -929 181 -152 921 239 1011 -168 1021 70 158 -361 -621 188 -417 -397 -186 0 0 0 0 0 0 0 0 0 0
572 779 -253 25 54 207 496 -273 -360 874 757 536 -895 -348 262 -458 940 -15 -143 -494 846 955 -33 1006 -475 162 -10 -428 -1 -194 366 -69 -523 407 5 287 898 -437 286 490 991 -245 -711 -568 992 379 1010 503 317 258 -973 -870 206 758 -911 -517 370 220 -148 -564 -752 177 430 868 198 380 -167 604 -930 -934 720 -973 463 -811 -416 297 -250 -94 487 -1024 806 -618 18 876 -547 1007 -225 282 984 360 748 0 0 0 0 0 0 0 0 0
-862 -461 -782 671 -442 327 -376 796 -883 837 773 993 -384 398 -127 451 -564 876 726 688 452 463 -66 806 -344 236 -765 -947 466 447 -337 301 -14 -569 -570 345 692 -891 -617 722 -779 829 -891 77 632 -525 -731 -499 329 -507 -993 -895 197 231 217 130 469 41 56 464 615 738 36 806 -154 223 673 -494 -9 136 105 661 -613 -466 313 -153 859 304 -183 -494 -568 -782 67 -794 -674 670 97 1004 504 -746 203 464 0 0 0 0 0 0 0 0
250 -505 -406 -693 212 637 978 -655 -934 861 475 275 991 -289 -112 1019 -806 -348 873 176 219 -198 363 -503 -658 -519 -436 -6 9 888 782 448 -355 -215 807 44 894 869 644 609 -746 -553 97 539 891 458 426 46 -874 -86 -175 891 632 -522 503 -994 -753 -399 -273 -561 842 55 -484 -122 978 100 -1018 814 -45 -910 -326 257 -357 -137 -278 -290 -718 -708 -294 -919 897 805 824 404 -144 -793 -386 97 -535 -857 1016 909 135 0 0 0 0 0 0 0
1014 -664 892 522 524 -769 -937 -103 561 392 -320 823 -540 -105 68 227 -785 -603 872 356 493 -403 254 -149 83 335 584 559 -871 683 378 -749 93 78 569 294 638 112 847 607 -108 -908 -673 -985 -944 -315 477 793 635 -928 -1000 -830 846 605 267 32 99 -912 -327 709 64 791 -569 -839 429 177 -667 -998 62 626 234 -138 933 428 -320 -205 -232 41 181 -249 -255 898 -574 163 265 -10 618 -676 -773 -499 909 -167 -890 823 0 0 0 0 0 0
252 824 600 -343 548 700 170 735 -1013 451 -692 -145 468 150 61 265 728 -965 -699 -243 810 -173 -26 425 -873 -889 361 -560 -874 85 -881 612 467 130 -907 -65 -491 654 -443 -75 -563 -977 142 429 -892 5 743 -962 -134 -298 -136 254 -290 493 -899 7 124 -282 -211 479 -484 -629 -977 526 554 820 -684 -623 23 126 622 77 823 185 -922 596 7 368 -550 -29 -322 -81 -699 -650 776 -636 709 -514 -568 -697 266 -300 -556 13 367 0 0 0 0 0
-410 -532 -942 297 285 90 -63 6 -27 249 -863 -334 -935 -636 417 -212 544 -516 433 -665 -365 530 -723 947 463 614 485 -566 522 -963 -177 -350 259 428 -326 608 628 -96 -830 386 -167 366 886 282 481 -198 872 -92 -150 4 561 -712 -251 -1002 -90 770 1009 510 473 -670 965 -420 -749 -399 -664 -643 985 633 959 141 295 726 -259 275 -121 -397 -179 -596 661 598 -970 -639 -218 -735 728 906 55 494 -786 -341 -890 -632 -900 -95 -348 919 0 0 0 0
622 -591 -409 233 646 -418 430 48 976 634 -79 32 709 -722 -620 -434 -252 -265 853 -8 772 -718 -148 -461 566 521 174 976 -435 1016 -268 30 -817 144 529 -479 -965 63 -877 732 -836 -919 -763 43 -73 290 -713 -90 -247 197 795 879 372 -624 -464 1013 42 -748 -765 341 215 -261 336 112 165 487 -574 170 -649 437 111 163 923 -10 671 -575 -73 1018 -799 -537 257 -709 558 -497 723 -297 -226 -401 -594 -166 -902 -328 -254 -347 -800 -497 -858 0 0 0
656 -260 749 495 -741 775 650 -359 104 104 515 -782 -936 -979 -46 -114 63 -113 876 -119 500 79 586 622 -206 -204 -125 -370 -69 522 -246 -761 -391 -529 382 385 -297 375 -136 428 -536 -421 -217 954 -476 779 938 598 -379 990 -832 221 -134 -381 803 234 886 -740 695 -653 -385 461 -828 -507 -904 557 269 -897 932 779 925 -573 -583 781 324 683 572 1022 -641 53 218 103 -278 -731 -341 -994 298 1012 -1019 775 -884 43 363 644 -721 246 -340 400 0 0
972 -44 -597 548 -810 0 358 530 791 58 -310 534 -506 2 -789 -872 256 -992 126 -668 -500 268 -565 797 517 373 -596 400 494 318 -879 996 99 568 859 438 909 561 -786 328 -87 -506 587 994 -491 347 -7 30 507 741 -261 -928 574 823 367 141 814 131 1017 331 -534 -85 1010 130 272 -523 146 512 501 242 -62 -134 -786 -705 425 565 102 734 570 896 0 -777 -940 -670 172 -95 757 906 783 398 838 -506 -331 -666 -54 -638 -857 -884 -444 0
726 331 -805 88 -663 -3 991 429 -89 -436 -625 -500 650 -500 -495 107 -270 -822 -963 248 58 782 -882 -188 -348 -215 -36 346 -838 -227 -704 -323 -39 -854 -590 596 195 -926 634 849 -24 455 236 -1009 332 -561 48 -373 108 -970 -136 -862 818 179 253 -957 -59 183 193 -679 457 -107 -782 -77 453 359 -320 -138 59 -170 -226 -713 -681 27 127 162 -700 -307 -107 826 61 -16 706 -117 -981 -62 -957 -330 -745 -222 -147 298 -551 171 638 898 -917 413 -149 917
