872 -1022 -464 236 782 638 -88 -591 531 -974 287 -643 641 525 835 998 113 239 1018 -859 594 -134 565 302 65 -482 -979 -205 31 532 -477 -901 841 -71 298 -218 1020 651 396 -408 546 786 542 -239 -404 636 -661 281 430 -619 974 255 -393 -559 -818 811 -967 589 1015 -7 210 513 652 -587 -823 476 -994 178 312 -701 43 838 -623 989 346 731 798 997 -118 573 435 -574 248 -372 -410 -998 -86 230 -819 -327 87 -248 -928 454 -405 -713 943 -336 40 -563
 368 -523 -95 136 -654 -20 692 818 -613 -471 906 45 -875 -663 690 888 494 -675 -404 356 134 274 -386 951 -475 880 960 -166 731 766 1002 248 245 -778 330 -15 961 -1001 -702 -636 -125 -499 1001 710 49 569 -335 -213 -451 -407 323 -436 674 209 -679 437 -908 48 -474 783 202 375 864 430 -757 585 -676 -121 -977 183 -668 -923 427 826 -116 -190 477 727 -607 942 -472 933 931 -105 899 82 284 83 669 -151 347 1018 459 202 751 866 236 -847 396 167
-787 -98 866 -123 51 -531 859 -213 -656 774 -125 742 -787 -70 -459 537 -131 122 -881 195 284 288 -862 -697 9 395 959 444 -377 -549 -149 451 481 -485 874 -894 81 325 597 660 -6 -762 574 -977 399 -839 340 -866 183 -135 -300 -435 -291 -642 -295 1017 -809 -59 -636 914 -760 849 -750 489 -742 657 283 -924 351 823 -935 717 792 -818 505 108 3 56 -556 766 814 -1015 252 591 359 240 625 -203 -608 429 -487 165 576 -571 -120 -385 -468 15 507 231
-452 -323 -51 246 -688 -944 783 -204 527 -597 464 -920 408 663 197 137 2 -728 588 -287 286 189 -471 129 50 -336 -408 -496 -243 -285 -218 940 -1003 -492 934 -28 423 94 -21 1005 -212 475 -846 306 371 583 -44 236 -434 -155 -962 -478 -319 -278 886 -713 -677 156 -422 132 351 945 -534 -760 116 829 99 375 -878 719 -1012 399 896 436 676 663 762 587 832 -222 -626 -879 -905 524 -176 -953 575 -310 -281 -125 -807 -690 -913 793 -286 -235 984 -43 -696 142
-346 458 -285 540 -843 -193 233 547 412 966 784 -482 -121 -652 928 -856 -23 -87 890 -310 814 -276 -136 340 -279 825 822 -214 -783 -809 199 787 636 -571 983 -998 335 650 -457 -985 736 -914 638 463 761 -463 -83 879 -664 -303 538 -320 755 672 -503 95 211 -839 -967 255 -133 -419 -815 370 698 -34 -125 -686 742 -327 -951 -513 -545 -698 216 111 -866 -638 -831 100 -865 -387 559 -824 -747 602 -651 390 -551 535 -573 249 -851 -197 -46 -637 -232 372 687 418
-715 -404 982 -567 -584 318 752 -129 -706 77 154 -58 -718 424 -402 -109 -374 -730 -17 -917 106 -950 -307 153 501 -134 279 77 -172 -786 582 149 -800 241 -245 575 -888 482 -803 730 440 599 -73 1003 788 807 -115 657 -760 -261 3 343 -557 171 -389 892 -590 -666 510 -682 -460 -231 271 -501 267 -61 -745 345 396 687 -11 773 706 866 634 354 -453 -14 -877 566 1012 721 199 -701 -818 -743 576 -148 818 -546 572 862 -472 -873 985 -652 947 -423 -781 -555
-429 920 143 -651 153 290 933 -521 537 183 -899 -745 90 797 -628 -304 402 -669 17 -419 -467 -787 984 -433 153 615 423 370 -810 -477 -654 -920 -679 560 -695 -833 347 -18 655 1006 -712 1015 10 -286 -472 -133 -984 441 -892 -11 46 378 -104 207 -3 -684 -999 -214 -91 438 -502 -646 477 739 19 -632 827 18 944 -1023 544 -413 413 18 778 139 -315 -915 411 -1021 960 -530 -9 347 -180 -801 -578 611 -570 -304 936 893 752 -137 -485 -446 616 943 -715 698
-872 67 490 914 -120 -211 718 599 -915 -98 633 565 -146 603 481 -858 962 148 -878 -938 -724 -473 -499 -122 -288 525 -652 -37 746 948 -754 755 434 534 758 -24 -919 459 -175 -686 -451 373 -487 639 -129 -998 -981 99 693 720 -689 130 -143 -887 -475 109 284 -850 -773 -169 -378 -861 513 -528 171 -268 246 456 -557 -515 -877 567 -15 601 -716 620 362 14 787 -48 271 94 736 208 -609 -905 -830 -797 -229 391 542 706 554 601 998 476 -273 -482 -76 -749
 645 -454 729 545 187 824 -502 88 -337 -363 -943 -375 742 -977 -293 571 835 438 -916 636 375 -193 424 -776 -151 107 -417 -806 29 -316 91 246 -196 353 582 -10 191 835 580 200 179 920 936 -221 -469 552 -333 -735 38 812 -437 37 -187 153 -933 -858 786 561 -176 -209 122 406 -282 155 -185 -378 784 479 -667 -717 597 478 -540 621 -136 825 -775 -641 -557 8 613 936 250 980 -351 940 -41 846 862 25 -924 -279 966 -591 -160 -96 88 505 -858 488
-873 -749 387 -627 -476 -1021 347 492 -881 128 -26 877 767 359 -955 631 -695 -522 78 768 -916 275 924 -172 555 -216 431 -768 522 703 428 -565 61 800 -220 -7 34 982 -55 73 313 -353 -590 447 -712 434 61 267 284 -604 -691 112 -141 830 -338 256 -73 414 123 25 1018 -994 617 -869 -61 -96 -382 14 -850 267 -973 740 967 -84 -177 29 -461 58 535 -852 749 -1021 598 387 725 -519 243 -663 38 -61 -621 596 814 -256 606 48 442 -615 685 426
 -67 -500 29 -1009 -858 527 176 -920 96 29 -77 -492 -897 495 -255 981 -918 745 -522 -749 137 -984 -265 509 652 -305 421 162 -126 229 -185 -863 -86 489 -685 399 347 -1019 579 -410 123 -311 568 215 823 593 -508 448 -216 -683 473 -165 -441 -465 235 -15 910 -598 130 -282 -71 763 757 665 -328 656 605 -838 881 -458 -612 -513 13 -724 393 675 -825 974 -820 999 -634 -929 -803 773 719 -906 -809 662 720 -946 -346 -306 -821 484 -894 452 -447 133 -714 1016
-179 992 410 996 265 602 -552 356 564 305 891 91 -178 -63 506 808 203 -167 -308 -652 -906 533 -370 -447 -993 646 -947 -376 -124 432 -641 131 -901 -116 836 456 -711 -12 370 -900 -921 282 837 300 -609 -122 413 -287 767 467 -637 60 101 -355 -343 199 -615 -754 392 226 -8 -285 11 -648 353 60 630 690 -818 -449 -653 -524 837 -507 -509 576 -226 22 1018 447 -1000 47 309 -313 -955 -928 219 -797 -846 -6 315 562 -750 768 -948 -302 561 -924 717 -233
 472 -812 392 417 -518 -761 -223 -75 225 176 -792 -585 556 -855 635 329 166 -942 769 214 513 938 430 -725 447 -652 827 -343 337 303 684 -316 -850 279 186 685 -47 956 691 -656 -405 -86 -52 869 914 -187 994 225 951 135 516 376 -338 -85 360 -642 312 -305 604 439 129 -781 733 -105 600 -206 -168 -619 -774 -650 175 79 -586 -511 293 741 499 -572 964 -246 -1012 -610 830 221 -930 205 67 -147 -174 422 -827 1012 621 68 -871 -884 506 479 662 182
-521 -784 -640 -994 -699 -535 43 611 92 -782 -795 -278 440 -901 316 109 -78 113 562 152 957 760 869 658 -583 499 -744 -255 -484 -809 -645 -162 979 -301 352 398 -81 -76 728 977 -563 711 -88 996 -590 453 980 -908 -46 1011 -302 -868 -867 462 185 -293 -1006 -954 275 -886 -850 829 731 177 -964 395 964 803 -791 -450 -762 -862 -548 3 585 533 688 -88 -900 -74 -185 566 -77 -574 1016 -418 -1016 -723 189 -514 110 -494 856 -484 -306 -489 -604 -419 -387 -141
-420 -38 -321 896 -767 865 -601 702 -284 -1022 -748 284 -68 758 776 767 713 444 -707 -332 -781 -288 -968 725 -559 893 905 -101 62 648 -954 9 -179 651 -107 948 648 -981 357 -940 -7 -406 542 20 -324 -463 -777 96 -795 -329 500 71 20 -692 494 465 -51 -817 -759 -882 -51 370 -1024 279 613 -311 580 180 404 -684 -485 -801 -761 -178 716 902 389 -910 -342 -755 -178 408 -701 617 -811 -183 867 947 -893 5 691 443 756 558 -612 -89 680 540 354 944
 259 -950 -390 -1005 425 92 -27 0 962 -894 -811 206 -998 -939 -580 -278 769 -949 -624 124 -837 250 -515 -182 262 131 -171 54 -396 -359 759 390 -816 927 179 -28 452 310 141 -655 -391 260 -637 -778 641 499 -993 992 -32 -811 -318 -257 -392 -958 361 353 266 -934 972 451 934 701 37 790 721 -958 -460 -162 645 -903 -430 1011 713 404 -981 -9 -598 694 974 -287 737 566 821 -445 -619 -427 518 -320 -784 -320 -234 -655 289 -611 243 -899 -125 62 -775 634
-373 227 -207 108 -365 -298 605 229 47 -331 -459 -609 -928 978 457 -122 463 -459 292 340 874 586 -708 985 -64 -75 -273 -597 506 -237 -886 -79 739 68 -949 108 -129 -371 768 712 308 -496 -189 -885 979 71 327 -537 510 499 -775 486 523 -1021 -426 -729 -867 -856 -529 -500 -640 666 786 -1018 -832 519 457 625 392 276 -468 876 238 962 -142 855 -486 -258 781 746 523 -212 179 -834 -35 826 -1012 609 -510 662 -400 139 784 903 -576 -351 -537 -198 -282 483
 199 282 491 -510 254 572 -807 50 487 -508 20 966 -455 581 -506 908 747 563 -984 -769 -301 1021 -714 -335 286 -358 623 1021 -205 -22 -897 301 563 222 846 -925 93 -88 -593 -329 212 -389 -1009 675 -150 231 -235 135 191 -16 692 646 -151 -413 533 595 1008 -696 -166 -16 -324 978 377 684 -441 -806 605 -786 -354 888 33 134 -581 756 217 -403 392 -645 929 -203 192 306 -951 -647 -557 -526 388 -571 98 779 -883 -200 159 522 676 -808 -170 -594 682 -208
 900 621 -472 -591 -309 -50 -335 215 -884 -35 1023 -213 -773 42 242 -373 58 673 -116 -23 -227 812 -537 495 -613 -54 206 943 -1011 -13 -807 -8 163 -287 545 186 303 -79 888 334 -95 -476 -531 -55 768 -870 -7 643 -350 316 -267 -388 301 -680 -176 382 -942 -320 -318 -289 -238 981 -266 -552 932 173 474 146 534 -12 -597 -707 207 240 430 553 -946 549 988 668 -37 812 -752 194 -276 799 275 -168 455 819 -163 16 403 -583 169 -413 564 948 220 897
 361 -49 -1011 -139 401 -369 -380 -478 941 -464 181 -544 66 653 -65 -790 1016 -146 -993 -540 -553 -953 79 -813 245 -496 291 -526 -144 -441 758 -136 212 -902 -239 -245 968 649 946 -769 747 806 319 -108 411 -958 -309 -760 -942 -4 44 797 636 -315 -108 -476 314 -397 -463 712 -332 -888 778 69 952 729 -941 -265 787 -970 -8 288 11 -258 626 -7 -387 816 216 -373 -516 533 -919 -248 -755 189 -255 -927 -869 -430 255 202 441 882 -966 -914 -620 739 112 -922
 37 104 -876 -707 871 856 360 80 447 162 -337 -249 -472 -369 -997 -346 103 -499 -146 919 483 -203 -52 -1 850 -883 -284 -596 220 354 -323 -27 -581 -540 -784 914 535 536 -383 -5 -596 -582 168 -67 870 632 -95 246 934 589 537 719 -459 -441 -458 918 773 501 -417 299 368 -325 130 -510 379 -181 -977 -1014 441 551 236 -624 96 -579 -115 908 -809 -954 -16 -602 -534 597 630 559 784 -261 -988 -797 -997 -893 929 -35 -655 685 -77 220 800 -725 15 -13
-675 -614 954 -375 -198 638 148 -963 889 288 -118 644 222 402 -252 -437 896 139 382 953 -313 -721 174 678 615 551 -433 702 -872 -232 737 -276 329 -557 -679 -365 268 429 -835 -267 -590 20 -138 -345 161 -102 -206 -659 -497 -703 394 -894 655 380 358 38 10 537 -283 -268 -191 -708 733 559 -744 -264 884 -568 440 959 -311 719 598 885 -709 641 -826 -29 829 1002 544 -138 -336 -163 -146 -46 609 -498 -820 760 -931 -818 645 598 -646 -596 -653 -645 -353 400
 294 564 404 -82 -605 -363 -697 44 84 -78 -217 -909 -112 365 -318 346 -632 -324 157 -725 731 -981 121 -214 -820 -551 -156 -438 888 -608 -142 678 -526 553 186 -430 -538 805 -609 700 -121 252 59 -666 -895 -466 50 -845 485 -228 665 623 718 -690 96 -658 -507 -309 -428 957 573 -416 -380 -597 541 -935 -153 803 -12 -627 -193 -762 -204 -506 -597 693 -132 403 787 426 283 -755 -326 988 -336 711 -827 -188 803 453 -179 744 -225 -182 381 840 -580 250 892 1023
-370 -762 638 -70 -342 970 -747 151 32 263 674 -931 -624 932 -311 -225 -682 399 360 -151 -719 -458 858 -334 654 -820 282 -130 100 -767 824 -645 415 439 -1001 -893 -321 284 -669 601 468 736 -880 -597 734 782 771 -498 984 76 -582 71 848 -61 -913 -620 806 -431 -824 -479 859 -341 -852 246 -318 -777 -960 467 321 -630 -256 -554 12 796 -742 -326 -921 -845 43 619 486 252 -194 420 -1018 542 -155 179 150 -13 661 -579 -330 245 -673 315 -73 -479 639 -98
-667 -954 921 -849 -974 -214 265 739 -312 877 479 175 -238 499 -699 -580 765 828 999 892 -157 -251 -110 869 -146 788 890 -737 758 399 801 14 936 -72 -430 -1006 468 -813 160 463 -712 -896 141 259 -292 149 725 -942 389 -43 -396 228 -910 -703 230 974 912 921 -969 -410 417 -464 -42 -799 -917 -508 808 -143 833 514 -394 -190 574 -723 -801 -115 130 699 604 147 -235 605 -899 -521 -256 67 -216 -415 -284 85 141 -889 308 236 255 -330 -528 1009 -361 152
 744 -788 -351 -386 -531 -302 -120 -383 -199 882 -774 -317 -387 -206 -244 -58 541 -132 758 940 -825 -430 324 1003 772 -91 798 100 -266 -661 404 102 -533 200 874 -111 888 -537 636 -664 1018 -29 -897 -216 -911 -572 -818 437 47 1013 -560 269 323 -874 500 -381 77 196 28 686 218 423 -115 -802 627 -381 -432 -118 917 -137 395 919 -323 357 639 685 768 922 -914 506 547 -566 760 -504 -355 700 33 146 -361 -424 773 -868 84 659 750 -550 84 -948 -803 -439
 855 -28 669 912 -956 -33 9 -200 505 460 302 -417 687 -807 779 -870 -787 538 -916 -315 -10 956 485 407 -265 365 -747 458 963 -828 236 -802 -936 -630 837 -388 -779 -248 190 -842 -36 310 802 -349 426 -736 128 -434 399 801 -749 -702 37 993 459 -123 -16 -804 827 691 908 -116 -594 -182 -61 -86 798 -108 -959 768 -355 421 -118 -856 479 -189 696 208 -819 105 652 -72 -563 870 -63 448 652 415 -391 899 -125 -667 247 -436 163 86 903 999 946 -963
 307 226 796 -534 -140 -467 -579 -187 -684 -1006 550 -487 43 -204 701 137 605 338 424 527 -193 -455 -781 1016 648 114 213 -281 19 -865 656 -721 -534 -162 863 -486 830 590 -410 -991 66 -231 -415 -605 345 241 -528 791 1014 771 -993 -772 -645 155 -761 185 807 725 -321 -393 652 831 -237 -749 576 695 461 570 -945 -635 -612 -206 548 -954 -123 678 744 -52 -582 -482 -186 255 562 -631 -617 -554 585 140 -122 197 607 -219 -876 -93 -707 580 509 999 549 -646
 577 749 -384 156 -907 725 728 -891 -717 1001 -441 -518 -587 -358 860 -549 -394 -785 427 -699 742 992 347 132 7 627 -435 -983 539 910 14 1019 -200 434 770 -195 -409 639 631 -610 28 430 759 -461 935 455 -513 0 -198 -635 820 -318 693 106 -329 646 334 -655 371 225 98 951 610 541 -728 919 -106 776 -251 69 278 -693 -92 689 -302 642 -40 507 -758 -75 743 -200 124 740 240 552 615 390 -800 9 -190 41 -196 120 86 509 950 577 315 392
 859 -985 92 -118 308 201 -114 -203 645 -512 -437 232 -592 374 -939 -350 -434 64 51 711 1009 -767 -818 218 -29 -930 -115 974 79 621 468 -235 960 -454 214 946 701 435 943 -436 96 -175 815 -472 155 -481 14 -551 719 267 -9 -367 298 399 814 -127 -167 718 -1023 790 -774 433 -120 994 507 -183 647 -555 295 -765 134 -344 -848 347 399 326 -257 360 287 -510 489 699 1003 941 496 -436 139 377 986 851 82 -41 273 -840 -749 179 -936 -943 -242 -626
-185 -963 375 394 994 -613 -650 232 -522 -748 -3 -513 236 -21 594 723 -989 157 473 934 -498 944 673 -92 -317 292 -533 -835 -936 309 603 210 936 -104 59 142 791 -761 179 -243 806 594 160 -442 -684 -69 -162 -753 -425 443 494 -13 -244 -826 143 35 -877 185 -15 -728 965 268 -153 -691 791 386 750 -802 718 68 -667 803 -428 -52 961 249 -393 13 -646 25 361 548 -101 -966 -697 770 457 -624 229 -665 -467 458 761 662 674 235 186 168 7 79
 737 -934 837 -782 -882 420 482 513 -348 218 483 -23 820 -609 614 -18 -996 71 -73 451 628 387 718 -255 863 -548 -483 331 614 -299 -937 -632 26 926 365 4 69 -521 -25 633 228 -640 -374 628 -868 -453 -878 942 -589 756 -696 -108 -632 -666 -496 774 -78 867 38 611 -504 213 -332 -234 270 -485 -1004 900 -855 -324 -938 -968 -888 -97 572 287 -555 802 337 -428 226 -247 298 296 -947 -60 366 -768 373 352 609 -266 -535 205 436 57 119 496 798 -813
 686 63 -987 250 560 462 547 -699 -742 472 -437 -940 -910 -163 -241 -896 -133 294 30 -56 565 -623 -755 490 226 508 401 -835 855 -541 515 534 588 110 -60 -651 -906 0 892 150 265 558 767 571 -582 -773 -392 593 -636 192 -585 369 -213 119 -294 -423 -377 -25 -592 -125 -547 -478 -153 -169 64 -828 -74 -58 -364 -955 -752 147 702 835 -240 208 -377 -693 -816 490 -454 -1000 -924 -237 -479 -329 80 -21 746 524 -889 -432 -126 1014 456 -309 -366 463 368 423
 741 814 -181 -463 -69 -660 235 -343 356 -866 1007 903 -598 169 762 355 172 -389 -318 -618 -406 -235 -896 -71 87 -551 795 304 -759 671 136 266 -844 -450 -360 326 920 643 224 548 -445 277 572 -577 828 -862 -234 520 -970 -463 -894 -59 487 442 499 219 254 514 1008 674 322 278 491 788 -819 500 753 -889 -89 -89 123 -885 -20 97 41 615 307 940 1010 812 -22 799 -281 725 1023 977 508 -578 -847 -666 940 -865 -556 26 896 862 -196 194 -98 553
-868 126 532 625 793 661 292 -150 -560 -660 128 -1003 461 -219 837 455 481 -367 -129 -197 419 -951 40 -288 -851 -1002 -674 -612 -577 979 500 700 141 710 396 522 -932 -790 -217 -757 -180 390 291 -851 -689 -752 497 505 76 209 244 802 177 635 -300 -743 -372 938 -190 -278 119 20 -914 238 -739 250 -184 -477 -298 -220 -491 -359 534 513 -119 -647 -745 290 380 731 368 -82 279 609 -51 -744 -374 937 239 -895 -534 981 -118 57 487 502 -730 -933 -594 -69
 673 -30 595 -73 725 -127 -834 -47 -743 -160 -907 625 -953 626 386 64 316 128 48 655 -999 319 -765 -961 -915 949 -480 -257 -801 11 -192 216 561 419 532 657 -277 43 -815 -366 898 -397 888 316 -585 -713 336 -728 -979 292 536 88 342 -779 740 571 -465 -734 -841 82 -814 199 -712 603 -700 -436 495 345 -720 814 258 -985 307 960 128 1022 -101 337 -982 -419 754 76 414 -467 670 -682 406 -216 968 -216 184 498 -892 33 285 -362 -118 -689 86 -749
 588 -224 -97 -607 -667 -564 155 -344 -921 -746 -690 147 -884 -897 -626 488 594 1005 676 61 -87 -716 185 -1019 -832 478 -662 370 -383 728 321 -888 -73 592 -987 761 996 -567 842 -439 -1000 -912 -360 301 734 -28 -366 -720 416 193 279 -966 512 91 453 883 667 263 328 -1004 -679 -800 57 -451 -139 -144 582 -673 549 -156 -11 -720 990 986 -791 115 441 -825 -151 312 -122 715 -679 -297 126 -905 -435 935 -779 -877 -883 170 640 -107 -792 -99 -778 708 -946 -472
 622 938 328 984 450 -685 343 -1006 36 664 -233 462 -688 -548 -226 -311 -959 35 1006 2 862 -664 88 994 -362 348 912 171 -138 -688 983 736 -923 690 -978 725 -565 131 953 -517 122 -161 -238 925 952 -228 605 123 -393 -496 890 618 568 -133 858 -749 -387 -164 -13 777 331 -987 571 85 357 356 799 997 280 785 133 839 -1015 2 -358 -787 420 -177 -429 466 683 646 -318 537 -574 -485 592 850 -944 -801 -259 652 -89 851 167 -609 606 -372 -286 950
 -50 963 548 1006 112 -697 -483 -544 885 -472 926 -685 -998 312 216 -264 -138 -1019 -615 -676 -620 -665 890 109 -923 760 -860 571 378 -736 894 -55 746 592 910 -560 -265 -864 453 530 -524 -630 101 -193 -48 290 994 749 155 485 407 633 779 19 723 -30 812 -170 710 196 -935 -255 -231 -1006 -21 -144 734 -630 -378 866 -780 1003 514 -811 508 1016 293 -586 860 -1003 -695 12 372 949 184 604 -858 -567 774 278 477 -120 -420 -101 -758 -546 -81 507 -612 886
-536 21 28 50 -486 282 265 954 -207 -16 942 735 897 257 5 -273 -401 474 -499 -963 -748 -81 -723 -776 -612 371 -683 -820 -147 155 999 47 955 -479 -268 -236 -326 -245 512 999 153 308 -128 -792 -543 -523 -725 563 -852 -590 223 -714 -519 771 317 982 87 -794 125 -183 793 490 -961 -247 -935 -998 248 270 368 810 -460 642 -215 -430 584 801 587 -803 -276 -478 -216 248 -378 -136 -443 -579 -727 -892 -614 979 104 186 -326 748 -471 -170 -783 439 188 -890
-589 423 362 -760 -153 617 368 44 -599 642 -975 -741 -392 -694 690 -968 -211 -953 -896 -109 -30 1005 -256 -668 249 -583 -86 -92 -330 -571 318 155 662 37 -85 693 24 -304 768 -662 -563 924 65 -480 -664 -256 334 -544 -949 822 -194 -488 908 -542 -895 888 -1001 -36 703 643 -799 -803 -892 239 -443 -405 426 -281 11 82 -1018 -234 -835 861 -529 857 -976 393 26 -612 -180 229 573 -892 -881 -553 88 -851 -257 785 708 -551 -971 515 -579 373 673 611 995 -146
 267 58 -22 -1015 792 -985 -167 -51 820 51 -161 418 -553 -346 -946 -118 -675 -94 503 -992 -280 846 439 -494 426 558 -722 -971 -717 -654 678 -246 -875 37 482 -131 961 -127 -538 -529 -679 362 -122 219 -139 100 -708 617 -19 955 -1013 -639 659 901 212 -514 683 -622 -22 -971 176 647 -140 -479 -621 -29 218 -623 -487 945 -312 -77 -259 539 26 -539 514 281 6 337 250 177 -1000 757 159 480 -704 165 -262 680 -864 423 444 -164 -500 899 818 906 -194 122
 361 942 -125 59 -186 667 -619 -720 -957 -462 -364 568 653 -589 -813 -561 -4 -189 -416 252 586 277 -625 24 -424 946 -725 815 661 323 -779 117 745 511 -719 362 61 -996 -537 -201 -84 314 -1022 -379 -273 552 -639 -422 -138 711 444 -593 863 664 -555 -934 457 -579 1005 -299 -52 -661 -672 727 -740 126 27 155 -628 791 819 -981 396 -61 333 -573 454 566 374 -309 -977 -583 34 322 261 95 -976 182 -957 393 166 755 -99 -26 -678 -554 -910 117 -679 954
 503 66 843 -504 15 -251 -885 -557 -272 -247 -834 674 626 434 -866 -354 98 -866 328 -512 -681 612 -127 -328 -203 -854 -957 -189 -465 -122 -463 -1013 -374 -680 293 -495 -424 97 157 -26 -785 321 947 969 -194 -544 755 336 665 -97 -447 -319 -418 -1019 909 -271 -208 -264 436 -99 -461 928 562 -609 71 -987 -254 367 498 -1000 -692 743 32 86 -805 440 945 182 488 1009 -130 -824 -917 -103 -829 -936 -490 -376 981 -41 -257 -820 -2 -567 300 14 -833 591 -434 998
-801 -805 587 -270 -754 -396 176 -541 -937 -601 324 -550 -753 -318 654 664 870 789 -936 328 -814 -729 -334 -15 119 -825 606 54 -718 -703 887 -993 -171 -245 977 944 952 688 -527 764 400 525 -416 -192 261 195 302 -765 568 -890 -1005 -260 777 148 172 780 -431 -490 88 373 540 -961 -753 -750 342 -267 32 145 -838 777 266 -358 -816 651 -782 296 -29 -296 31 542 -354 -140 -236 -1 -153 -174 528 635 820 261 487 959 -515 -955 -1001 42 631 -666 -832 -86
 391 222 -661 -492 324 798 530 -753 -264 -814 -159 522 1018 -479 992 -575 784 990 -776 528 -520 -729 29 -828 719 -46 -736 136 239 630 -157 766 547 -812 -64 -696 756 661 440 -875 996 -259 669 -110 -709 529 -717 -390 -439 -1000 521 838 -762 704 -899 -657 -430 535 -812 -190 -985 -168 -943 -622 -995 421 -402 637 128 676 647 1020 283 400 115 251 237 -49 -210 330 -250 861 280 -542 -381 -814 -396 -735 170 -81 433 -318 -728 -259 378 -656 231 -647 277 -166
 658 773 297 813 739 680 489 -1 -105 190 354 -144 -863 743 -81 587 287 -302 323 -827 -835 -462 985 1002 -354 396 503 933 -844 -604 -140 -810 781 -747 172 224 -934 965 889 -403 -396 -447 -932 -212 285 314 -688 632 -614 82 -909 -542 -952 -625 317 123 528 -923 -956 -653 920 -714 -539 277 100 601 -281 -288 636 -383 -36 -52 -266 -207 -467 1017 276 942 -377 -785 144 -984 -522 1007 -339 469 -843 977 586 -279 692 -308 -482 496 31 -816 68 919 241 679
-364 -439 874 268 -307 811 874 23 -1001 896 -112 208 -233 -468 -703 -134 -877 903 -429 480 -932 327 215 -967 179 223 962 -44 129 -469 157 -690 -406 -193 -857 605 -506 -586 303 -134 12 -1007 593 26 -227 460 390 -390 -519 -562 -475 65 -146 658 -588 532 666 -256 -269 -930 1 902 -878 -227 -350 54 -831 385 879 -335 118 -472 -636 891 881 474 -949 690 -857 -267 -134 -180 969 69 680 -864 587 -303 268 154 -289 159 -855 1005 -3 791 866 -781 522 -745
-360 -1023 -95 -440 -937 -226 -719 255 37 547 -807 262 463 609 -437 -484 497 -798 -720 -176 -1003 736 702 328 399 -730 969 184 472 -813 -515 22 500 -174 -759 -358 -541 59 -835 532 290 650 305 -501 970 643 -192 532 -750 -350 -1004 80 75 -377 -229 -545 324 -582 -24 -657 -901 -718 554 408 298 44 -473 -42 -40 -46 -589 753 -645 642 664 -697 -595 -498 830 137 -897 -1002 200 822 171 808 743 538 169 -752 397 -405 856 475 600 827 657 162 -184 457
-198 467 675 680 403 692 -216 -241 -668 -974 15 -229 -482 622 -622 903 -598 697 436 131 -603 -281 75 -947 -378 -911 274 -711 836 550 -478 -820 -899 546 -1007 -434 735 -850 606 -1000 181 -464 -1017 383 851 35 1003 -994 -1001 38 286 -67 -804 -18 -519 787 931 785 -710 -695 710 252 -191 -1017 289 -968 346 -703 573 824 887 381 525 -517 -166 -406 87 576 179 -674 660 630 113 577 -71 928 742 832 687 -176 -518 -591 206 -1010 -755 6 292 87 -1006 -799
 190 -1021 101 -213 407 682 797 997 802 -61 -930 232 -202 19 -753 65 179 60 621 -937 -91 31 321 -224 -45 485 945 204 -859 694 -457 -584 -719 566 -197 -916 -174 121 791 280 -136 429 -534 -210 430 708 1015 -93 614 -247 -802 -179 -212 643 764 -124 341 333 -311 817 120 595 339 -849 887 104 951 -777 -464 -43 954 -135 948 226 580 -989 774 -785 -696 518 87 -224 204 -36 -905 -744 -144 153 351 -667 616 278 -537 -179 -550 -131 78 -960 -59 -1011
-444 -764 -616 456 557 -31 -198 521 477 589 761 -791 267 -382 710 -69 698 -119 -722 -601 -149 774 -730 125 204 -267 414 -989 56 211 98 -1003 -551 3 -425 129 164 557 165 -813 -103 -559 -391 -936 -370 -985 -1003 -592 906 913 737 672 -607 -426 588 465 -675 -192 634 485 -906 -741 950 869 750 235 -411 509 -28 43 -72 -259 -344 -723 550 -745 -281 -633 -996 873 -519 250 -666 138 -420 111 -277 -660 659 454 316 -169 491 387 888 906 659 -245 765 699
 -59 465 -847 -604 418 548 -802 -51 -358 -48 -236 567 -361 1005 839 984 -653 -832 196 -234 -710 -46 285 -583 -924 -204 -519 425 409 -767 -256 124 121 -131 -112 957 -104 28 -753 497 717 451 -566 -757 189 -237 316 357 439 -618 476 850 925 -119 -404 717 -749 344 -569 -862 63 130 -161 779 -979 -446 -743 -676 -663 -963 -132 -307 -816 -296 406 -868 -320 -21 57 546 -484 154 -63 2 1015 660 -42 353 -493 -215 -693 205 659 952 -78 -332 689 -899 -738 697
-898 -584 -301 1022 476 417 -455 256 -103 167 863 787 -305 -251 -446 75 -703 985 496 -1011 -988 -909 62 66 676 561 -64 -551 -590 206 -714 -897 952 -10 48 588 17 910 -434 702 600 399 69 -1004 718 -13 -914 -324 -940 -894 -750 -99 790 674 980 -888 859 -281 -826 714 925 574 -345 236 -965 -592 649 -615 -87 739 244 -250 402 -896 626 -70 26 139 173 214 870 1020 -201 -296 -546 -18 260 -394 -166 -378 -391 -820 894 -170 -216 56 629 29 627 -117
1004 761 794 795 667 151 -997 -850 -236 696 556 182 767 -60 -554 -474 -267 214 527 781 -136 -691 382 801 422 -627 -140 275 -949 857 347 813 655 1010 901 361 -605 441 -72 -168 -942 128 262 -665 549 881 383 -742 42 131 -507 851 -777 -301 -573 -99 61 -571 178 -288 -417 129 586 -28 -203 202 -670 -416 -922 658 -219 -612 -150 -142 -210 486 -194 -191 975 -945 -50 491 -716 -382 614 -293 -786 -795 363 -989 -138 659 -854 -854 326 -622 144 -720 704 912
 15 852 -242 652 -679 796 294 966 -188 886 751 207 775 -176 -312 1019 679 -250 -972 114 463 -554 -825 -849 460 59 1014 821 -726 -362 857 -292 532 -683 -363 -601 -984 -85 -215 -406 134 -590 -943 -331 -731 889 -141 -998 57 -270 383 773 884 556 -80 -289 -275 375 993 95 -830 -260 -22 163 -839 289 121 663 548 -653 -10 757 830 -149 1023 -227 60 -215 274 56 229 -16 781 457 411 915 871 79 708 -762 -572 -373 -146 -222 -724 501 -890 394 -134 -262
 400 -787 808 49 618 556 101 359 -262 -428 124 -551 746 -450 534 -453 -414 -227 775 378 -402 851 347 405 -677 450 31 -221 -967 198 559 -762 -744 -569 35 -770 117 296 -795 -45 702 -475 341 1008 599 -506 50 84 -845 170 471 -447 899 65 290 153 538 -229 812 761 529 -831 527 257 -202 -332 -438 -959 98 659 -163 -306 477 48 451 -974 -422 -181 -26 -66 -379 953 -276 -803 607 -41 187 120 181 214 101 -634 -222 375 902 71 449 45 634 154
 -38 -118 649 950 -311 -267 981 919 -981 -469 -952 862 -81 -1021 -808 211 -133 917 721 257 -964 332 844 -943 208 144 969 748 -206 -985 64 536 352 1009 -683 52 -571 -992 274 190 0 -14 -58 628 193 -737 -659 -695 -771 964 -530 -305 834 339 771 -1003 -349 -95 162 -56 -249 435 -181 801 -38 511 -786 262 25 109 -724 211 -790 675 -324 873 -241 -420 -249 652 766 381 37 254 204 -911 -192 807 -792 979 -868 876 758 -738 -648 157 390 803 -982 385
 -3 100 -833 -925 -425 -979 264 222 388 -311 -288 149 -1022 943 55 584 -539 72 -872 527 936 -495 -13 400 -45 534 25 -605 -8 379 -686 670 -57 671 -642 752 661 625 -973 864 318 265 -662 -255 942 -439 -279 549 560 309 -511 966 496 708 -66 -461 -762 -976 272 -918 -395 748 891 39 632 177 709 377 -165 12 -501 475 826 -1007 520 808 732 -441 30 966 -599 -368 905 891 972 293 -130 931 -789 -723 272 -476 -471 624 -30 793 -806 -179 665 787
 440 592 -271 688 -311 -254 -8 887 -940 230 -466 -284 -483 422 187 -544 165 539 291 774 -1012 -986 247 -757 -326 413 -342 -1011 -536 950 316 91 604 418 838 808 374 -1004 80 -188 1003 -555 586 -719 145 269 778 556 -68 -493 1015 -933 940 543 702 -402 -632 821 398 -975 -400 880 -578 -117 398 -733 344 -457 309 669 -459 -571 -699 -575 235 -642 -251 -87 -561 702 592 -451 396 703 155 758 -189 770 352 -213 -878 -65 -39 -507 799 124 -435 246 963 206
 577 583 346 988 -137 -849 -716 -471 903 599 -751 -271 -438 984 902 30 532 28 682 -736 517 237 889 362 772 614 -104 47 -40 310 -584 127 73 950 938 -776 577 715 -453 645 -314 -978 -955 -214 -47 785 571 -33 62 849 -888 -717 -540 484 1005 198 -973 -243 -373 -578 4 -964 -855 800 -687 -740 250 579 -864 -793 714 450 302 602 -58 -582 963 783 -316 -299 1001 -786 121 483 419 25 435 -247 -731 -621 857 311 -960 290 -22 567 -704 357 148 315
 -72 -30 710 -1003 112 -280 377 -26 -142 -255 818 -712 -199 -824 130 734 316 -307 -107 -171 -936 188 -562 -473 -327 856 -259 390 603 806 -340 380 -480 -332 -937 -850 139 -808 658 27 -429 -1012 808 748 769 803 446 499 898 -188 -148 991 638 -43 282 503 -158 509 237 59 -759 -370 -875 -690 -544 -691 734 1009 1004 967 519 185 -463 -351 118 -911 561 232 900 -612 -950 271 320 918 -37 780 690 95 995 556 783 242 36 940 408 742 -322 90 -807 -656
 975 -578 -624 -364 -465 -996 -116 -165 -816 456 -1022 271 -457 370 864 903 916 -364 118 236 165 399 -466 -266 -1010 617 709 302 916 848 -110 409 -892 890 101 -668 243 -460 -945 -223 -810 -835 748 -937 -96 405 -419 222 605 1011 190 538 -284 854 802 850 -972 704 839 937 -195 -398 -17 685 552 30 585 -357 -946 -660 -438 401 170 542 805 -827 -291 -976 533 -841 965 -211 -220 645 -519 549 -358 -599 353 -793 -930 863 628 146 991 -594 -804 215 408 111
-471 -373 -739 35 -160 561 88 -949 739 685 711 308 590 -387 -636 149 -1002 56 391 782 972 -106 -695 285 -442 86 -581 -223 267 -960 428 -339 -314 479 668 1003 403 397 -217 762 235 -348 -912 464 -71 908 -101 -610 142 876 148 -373 -613 -903 -772 -364 -250 330 -955 -42 492 171 -507 961 927 -960 990 -688 -454 901 871 -392 -669 -818 385 484 -20 -966 -9 -420 452 -652 -166 -770 566 -727 -911 -41 -278 -59 866 -412 755 958 -85 -285 -942 576 -670 -440
 275 61 113 -298 333 549 -619 -608 -249 -603 -714 1020 -382 497 -497 -789 -256 -1007 -693 -424 427 942 -871 407 722 -506 -700 -703 -767 549 -90 -170 490 587 -403 994 -52 -17 -889 870 -65 -951 -388 547 736 -134 466 157 413 -458 -254 -813 899 289 843 -787 782 -441 -74 -662 874 -712 836 892 -355 -632 831 -1019 762 250 943 -638 456 291 -804 435 -465 -701 864 993 -362 488 80 937 817 605 474 400 338 -621 318 -1022 23 -837 89 4 -726 46 -914 -301
 18 -976 999 186 843 421 -589 440 608 552 -646 -257 -558 489 -208 32 -863 279 -402 98 -348 -788 -86 -858 -165 946 -454 -969 -940 -970 132 640 476 -870 188 -567 -363 593 754 -107 755 113 -323 747 -35 58 443 39 270 -432 954 194 327 506 970 95 -450 571 1015 -182 -96 216 -377 -123 95 -199 174 -672 291 -806 -973 -130 241 220 -733 -613 -27 206 -783 -558 189 821 309 646 318 533 261 -231 -405 -277 -536 -190 870 479 -550 456 256 -510 -348 -191
 -29 942 -143 384 955 369 -94 -857 -574 -900 -309 -370 -385 486 43 -361 489 -947 -994 993 -738 -658 -183 113 -11 -610 -1000 265 -169 -246 -973 477 116 698 101 -306 -236 214 -583 781 -864 210 357 -326 -776 740 -301 -722 -9 -913 412 -492 320 -673 -19 455 147 323 -652 594 -264 -164 -2 615 -309 419 -93 -683 -638 -336 748 931 152 -723 989 -170 -714 833 360 624 301 -330 -1021 -793 599 -370 -952 47 141 -262 567 100 598 -554 -310 -964 -127 -507 827 15
-945 -935 -541 -318 649 115 386 140 479 484 841 478 -426 -867 653 999 494 -712 -765 -589 -407 102 839 -357 -903 -670 -954 -225 106 955 878 448 -791 258 710 -849 -186 371 815 235 442 -1007 -308 -461 -917 399 106 1010 466 832 248 -213 846 -169 411 -527 865 -535 -749 609 -697 466 173 -391 262 -79 787 77 -31 733 962 366 -347 -691 -625 -19 173 784 -419 382 718 -962 386 427 501 -37 -250 -150 -607 219 -43 476 345 352 -1014 -69 -904 455 327 -733
-129 733 -104 -476 13 -81 274 68 938 702 659 -28 993 529 958 758 -512 114 930 -340 -406 926 587 93 -773 79 -741 1017 -468 404 399 685 208 -880 670 -926 941 -306 461 -393 -502 -62 -941 833 450 -229 739 323 -449 -824 -806 969 -567 687 642 77 517 463 49 -195 133 -708 -35 964 -206 -919 -514 225 -290 1009 92 285 -946 176 -667 736 986 -136 400 584 258 -346 649 -377 -328 -217 121 -1000 309 -176 45 370 147 853 30 580 -253 -988 171 951
 956 -190 375 602 -986 941 -490 865 -486 -345 772 344 707 926 881 -982 -376 -361 -300 870 -650 -146 166 -4 23 -855 -424 344 -644 -161 989 -103 762 -278 50 -361 821 -605 -12 371 -46 -633 264 -497 -243 -912 -166 -111 -92 -223 -911 -142 944 -370 726 318 -808 962 -48 749 -157 759 -474 182 -849 3 312 -872 340 146 606 511 -902 -154 -980 -53 810 -83 720 -107 -430 880 -597 710 -735 -235 401 -163 -741 84 989 -883 -751 712 -478 75 -215 231 -559 -827
-365 137 -148 -563 61 -413 -458 970 -18 -656 633 89 622 962 472 -710 -387 -731 -324 -620 520 458 39 848 -502 -667 -434 93 -753 541 -440 117 934 -799 -704 300 -990 -455 -481 -479 943 -556 -622 163 613 478 616 -151 -41 465 106 805 1020 61 454 125 -825 -703 807 -890 610 549 -405 -586 872 -327 -913 -643 -411 813 -782 -71 -732 -535 -967 1002 -79 -747 896 435 -755 -755 -725 207 749 -708 387 -129 272 25 -280 178 -244 -110 -811 14 1006 324 -864 -834
 500 404 -1022 672 -984 258 115 -507 1013 -515 -1001 943 781 69 581 970 27 18 -31 -373 983 920 -867 -723 715 -206 -357 683 -60 -218 -52 -273 548 -196 -639 -502 287 -168 -1004 -826 -758 -55 100 894 -454 -909 -16 -485 -547 641 287 866 618 698 -476 -354 920 288 -308 785 -438 -958 273 429 -500 -147 -361 327 87 -401 -919 296 -697 -904 781 916 111 242 -414 -178 -338 453 -293 266 340 -505 551 214 -78 70 948 675 345 -818 69 -670 738 945 -357 876
-408 -843 -231 328 -505 -51 -253 -48 -293 861 656 -674 -577 856 1001 74 -863 174 -559 601 -783 -123 -33 -384 -17 50 -969 951 -844 732 543 302 -170 -1009 -94 -412 789 543 -629 -474 767 15 -132 -720 -360 521 492 -258 -492 331 -849 -253 705 -571 -694 223 739 975 -479 664 265 -878 -311 356 294 826 -352 -271 -121 905 -819 435 -400 774 -832 -922 722 462 -905 882 -979 564 -916 -107 -178 -190 -48 -715 183 -201 830 38 -999 -645 569 -637 -502 963 938 428
 -93 729 182 781 507 -208 -263 -313 -412 -601 -422 -842 65 -814 -809 -77 388 464 853 107 788 792 -703 -812 780 -538 33 -221 -223 551 -382 975 -445 -50 -807 991 -366 635 -499 872 90 -247 759 90 -453 61 502 -367 901 698 7 -578 -920 920 982 310 -183 61 -418 859 -342 575 -568 -345 684 343 -346 -846 -937 -483 -450 -923 533 963 415 -477 772 757 -919 904 -51 -946 -211 371 458 -538 -532 251 -966 342 -380 706 966 194 -593 -354 -54 -145 822 -922
 778 -9 -580 -873 686 156 138 -728 956 -469 -324 -274 -683 -937 -972 399 829 -724 -841 298 -118 -172 761 453 -278 -555 -783 57 266 428 -709 -726 -179 -701 399 -225 596 292 739 -295 -349 -900 -230 -92 67 -1019 -358 -973 331 658 -854 -504 113 854 -969 628 267 -178 709 -105 -904 354 -799 531 -284 353 368 -88 -629 -300 -225 1005 93 -212 -374 246 845 -720 -539 204 908 384 -331 -221 927 -643 -835 -40 -33 118 -775 498 -811 -369 531 296 -343 126 -372 -302
-185 -296 -285 738 -526 785 -816 234 -74 978 -429 -312 -176 753 821 152 -832 287 968 -454 -425 190 880 530 486 -674 -684 288 -27 -659 -226 564 540 -479 918 -278 358 812 662 -18 316 177 735 146 -59 647 14 -307 1017 -986 -880 33 -260 155 171 -420 -528 449 -55 436 -47 -972 347 -732 -871 -445 652 812 774 -418 359 764 675 -702 -789 -623 1010 -121 -398 -502 993 -661 799 633 316 863 -180 945 171 328 587 142 -290 -168 -711 1009 189 285 -490 535
 525 -249 874 909 837 -588 138 757 685 743 -650 -948 -996 -129 -847 -653 -487 305 239 501 913 73 1015 9 -608 444 715 943 -557 -195 -494 505 839 644 -735 -395 -77 -468 871 -164 -858 948 -38 -416 -198 -1011 972 -104 -894 227 349 804 233 -66 -455 599 -306 660 -880 42 758 283 -852 779 -751 -220 246 -419 852 449 -169 703 -50 -707 385 355 343 651 -332 857 844 98 -277 161 901 136 -97 -594 540 8 -913 964 -575 -401 -994 -872 -305 983 -607 -63
 939 -180 451 59 500 -372 -796 -139 -970 -846 670 -414 933 -521 953 -866 517 -735 259 -222 568 952 -698 -73 -856 608 437 -244 977 -642 521 -679 709 -39 193 319 713 -384 -74 -738 -810 -1013 832 729 -605 43 163 67 65 139 -768 -545 843 836 -302 -472 1012 204 567 780 21 609 830 332 587 109 -752 273 140 608 -651 258 638 -462 -478 -436 627 845 -987 -51 735 91 -603 -427 341 -521 -154 -965 796 -597 -568 133 333 -751 -164 15 526 -931 -596 301
-900 -990 -854 -359 187 913 331 718 200 31 -728 1009 -747 877 -11 -171 977 -942 -538 -368 581 373 574 -85 -580 -13 -779 -612 875 -895 69 -518 -670 -346 882 633 382 776 -926 426 -195 314 583 -335 442 -268 -52 995 590 925 -493 190 550 -969 483 654 -611 -436 81 369 -787 364 498 405 281 -757 -468 -158 103 -583 -225 923 -655 -460 997 556 -378 -925 -756 -835 771 -239 -736 465 568 500 412 -734 -489 710 407 467 -899 -826 323 113 1 409 -218 -560
-277 8 197 -609 231 -311 914 910 -164 655 884 520 -1013 -885 361 30 -109 -651 -929 761 -637 369 898 -155 165 -466 -965 -370 -19 39 -39 -318 -416 -124 773 962 26 681 281 319 -490 -603 -841 540 848 -896 501 631 449 979 -303 -382 522 -971 340 -202 546 318 -738 605 -428 -580 224 47 -922 915 182 511 168 -102 -139 -822 162 -413 744 800 807 677 -867 191 -702 18 473 36 652 423 419 1010 292 -49 512 51 400 542 1018 76 782 -511 -785 346
 917 1015 39 608 302 36 249 -207 -400 742 -679 806 -734 158 497 919 115 665 -123 116 701 715 604 -956 -824 383 -452 351 -990 782 803 -285 645 -203 -122 450 -578 -295 403 -65 423 -222 -694 493 -885 -164 -608 722 -962 701 -293 822 -597 332 731 640 -379 778 -630 353 -57 950 -106 840 -85 -860 761 -193 487 -93 -196 251 -477 -842 448 9 510 18 -80 943 650 400 863 928 -316 322 -368 -809 362 538 -119 973 -371 -880 625 143 -25 -25 298 -4
-340 -805 237 131 843 -621 -963 -106 763 215 563 -396 -153 -207 -523 -718 -936 764 -518 -1012 212 951 -99 -428 67 890 -270 -322 -582 158 1004 578 -383 -447 -396 -462 -547 116 780 247 -98 -877 212 -421 332 -486 110 452 564 -245 658 978 -792 319 -518 -672 472 528 -635 -1016 -38 -471 500 24 79 -668 -3 893 -253 303 -759 349 -651 94 -794 354 169 613 305 -269 71 -276 -97 -364 -887 912 -344 199 192 -995 690 -613 257 889 812 -979 369 -125 -610 -725
-665 -729 958 501 -995 -134 602 -1011 -208 -620 -685 -965 347 -241 -286 -308 -586 286 -481 -64 571 558 -161 -842 -598 -27 -69 -373 874 -288 760 573 -925 793 830 236 -204 -97 -452 -645 -675 -292 822 210 -435 -282 -806 -724 345 758 -664 894 884 -644 489 -817 -935 -787 418 -698 -705 671 507 -571 -889 -122 773 912 200 337 939 -253 -836 -296 33 702 754 -807 -398 -592 -742 768 943 405 1017 282 -171 802 110 380 -906 -41 264 -486 82 719 776 -531 20 -991
 120 110 -687 458 -415 974 -551 784 810 -979 826 891 -473 324 -427 346 108 218 -883 -980 459 297 46 -6 447 -565 -741 711 -941 -1024 -657 -227 -84 -204 239 48 728 -610 -877 133 -372 -836 572 -1014 -652 -126 273 52 -55 -616 -187 674 -776 -316 986 393 120 -11 -883 985 700 -113 809 -572 627 376 -791 -890 -917 -385 391 -688 -611 -692 845 523 -878 -178 588 338 -139 402 476 -64 -183 -538 -103 34 397 -556 -168 688 -945 51 -641 -214 -754 -519 -742 9
 -29 -326 997 777 -573 -432 -16 -992 -542 -262 -819 -623 1020 276 767 935 -181 395 -247 211 -890 -817 572 313 826 -212 258 -753 -765 1021 -268 679 954 -870 897 -966 -707 -601 681 763 -901 -145 591 -349 153 -785 271 -986 -921 -664 419 385 -64 -13 389 799 583 366 -346 528 76 175 337 -404 -754 649 -906 276 749 488 -451 -809 -240 -761 1009 -400 426 928 -767 154 564 -745 778 -834 -508 -766 879 958 573 -976 -686 911 -1023 435 561 75 -421 46 710 380
-957 -549 350 -235 997 893 415 -306 -981 -501 714 474 -422 -627 -111 -589 257 -37 -275 -910 -218 803 -225 665 -770 -794 746 -41 -1004 433 -258 -185 -705 219 -662 277 124 -1012 918 899 669 726 165 -880 -813 307 -261 -997 258 916 -741 -828 -429 -931 437 -691 256 689 -838 -379 889 -747 -262 -551 -923 814 -394 -871 -468 -871 543 -534 261 -921 845 -46 -659 610 197 115 914 -486 341 -600 35 593 -320 -516 878 -177 -544 854 -39 48 0 575 -146 848 -991 362
-443 611 -592 958 -719 187 437 -131 145 509 -629 -9 -656 137 -530 250 19 788 -149 388 -845 243 95 -247 -865 386 -901 -503 -687 -468 580 103 -88 -313 424 -968 990 884 982 191 625 -662 -596 256 82 349 445 -526 -632 444 593 -99 -34 -289 400 -973 -464 31 -1021 -446 166 -615 674 -181 719 199 818 838 -482 544 279 26 862 -579 -549 -725 -996 -811 -955 695 987 9 636 122 523 -496 364 198 -394 450 -844 501 552 453 880 -445 443 -802 -585 -325
-529 -738 808 973 780 81 -81 733 -261 329 -573 -1011 90 -184 372 -60 -351 962 -644 986 689 -989 -889 899 -630 -250 544 520 219 -827 -753 -262 706 26 -139 -657 531 -550 -232 860 965 443 -172 -828 426 -606 546 -700 853 -70 -181 -294 -88 870 191 585 -745 -526 -826 253 -248 136 -8 687 857 -1024 -849 -434 308 -48 -865 -80 -880 522 692 -92 -365 23 208 634 223 40 579 893 831 189 530 -933 -587 193 -151 98 535 -277 285 85 1017 -414 -454 433
-359 -831 67 -481 -524 175 675 924 -515 385 450 495 954 -1022 -270 -976 -421 949 308 -952 503 426 -940 -216 -288 -184 158 27 -279 -211 -133 399 -460 -688 -632 468 -574 261 20 -629 196 105 -853 777 -122 -954 -922 705 862 493 -251 -904 -580 747 20 -645 -716 -421 -658 11 -983 280 -919 -46 -12 -146 1012 -489 836 146 136 659 -154 13 -780 -775 793 185 -671 1012 -388 -82 -666 -656 -396 309 6 516 -141 -142 -74 823 -189 -147 -123 695 387 453 -560 723
 488 -748 -5 854 617 -673 -746 570 762 817 671 244 -596 -598 -968 744 -28 -223 659 -303 -385 -269 114 -337 -938 1012 208 957 -536 497 -852 468 617 642 800 654 826 294 -668 924 701 330 -664 552 739 588 790 92 474 639 106 846 -210 641 973 401 -22 778 414 245 766 -649 593 -326 -154 346 -1014 -162 69 1001 811 -129 -331 421 -260 -803 -677 -296 -31 -847 212 845 -220 221 73 383 -189 -84 -517 627 -586 -117 129 470 560 857 -268 365 261 503
-748 595 429 -349 -822 695 -107 132 -20 -410 964 93 -337 -471 -625 -295 -1003 939 974 591 -903 -868 -599 -71 731 859 172 519 354 -170 -954 384 -444 413 739 336 -863 324 -87 -15 -971 385 -281 721 9 -980 998 -350 -160 -984 188 -1024 253 -626 -743 -376 -414 -617 -722 805 29 291 -229 505 288 -932 203 -36 663 443 -799 -835 -806 -950 711 -512 -686 -41 166 -334 75 94 163 643 13 89 537 916 -350 423 -160 897 -292 -177 973 -331 -266 790 72 299
 924 570 -374 -514 151 -383 -77 -157 545 -526 -532 617 -138 212 -176 -116 320 360 254 729 146 871 356 -591 -991 -255 -736 -831 597 -924 463 943 617 868 -338 498 -803 -28 -466 -232 729 78 150 -681 -66 468 264 -1004 446 898 -749 -96 611 -13 884 482 -539 -260 -842 213 633 177 748 610 446 933 -508 -746 320 185 -152 -242 -247 136 -319 -717 340 990 174 -607 896 -310 939 732 355 -785 900 -430 367 -646 23 -584 -465 -949 -521 860 -95 -326 -104 965
-522 417 930 -384 158 479 409 -412 645 687 -243 -497 670 -224 -27 507 960 -565 -757 664 -129 -756 94 647 583 -710 -901 -29 712 649 272 -416 1005 307 -888 -653 -591 193 -25 -709 179 66 42 273 966 -838 -330 -676 -324 917 985 -917 -361 782 951 -785 -204 -737 -678 734 455 415 -879 612 757 685 798 -956 -997 -952 629 -736 127 -443 159 -534 -875 -806 -256 -187 43 667 907 -144 -37 -419 -656 568 465 598 90 -705 451 248 -356 -160 367 534 440 -101
-683 -496 270 45 736 783 698 604 534 -757 961 155 -529 845 457 -846 125 355 183 -745 -23 -918 596 -251 -87 722 -473 -70 -672 -340 -295 -960 -295 -272 -558 -846 946 -493 866 -266 913 -990 877 642 934 796 -581 -662 -81 -261 463 -160 380 -586 470 162 633 -614 -176 791 -355 33 824 -313 -373 -240 -70 -505 -96 -637 794 74 196 -401 -465 511 108 -428 -547 37 803 -452 219 744 -130 -280 895 162 969 874 190 -335 289 165 -742 -325 980 -661 222 -950
-704 266 436 -895 -426 -359 5 49 444 -479 887 49 -33 109 -643 71 188 -568 742 -372 39 -35 -776 107 -343 -125 -315 -697 453 933 -216 71 -137 -591 -183 -114 -110 -123 -175 -339 -921 672 368 -247 -642 564 620 194 -263 -83 -672 -652 -1005 -285 -53 980 -40 918 -413 826 889 813 621 -741 -831 700 -859 -1013 718 -705 506 -5 -433 794 -12 -883 -374 953 -846 -202 -589 22 -664 288 -217 219 745 97 889 -240 -16 651 -571 378 -705 432 -811 -105 830 318
-939 -747 479 -127 335 -807 -755 -409 33 239 705 61 -114 -8 -860 462 -59 791 -694 957 -294 -1022 371 229 -575 759 -995 -377 631 968 825 977 843 -1003 572 131 883 787 -884 597 -640 800 -41 424 -410 677 744 562 778 -518 -899 -248 532 1011 790 -703 0 -942 -346 -91 414 869 25 -82 655 -293 665 972 -117 685 659 -671 426 -853 427 32 -800 -6 -738 -23 587 479 446 485 1012 -453 657 -305 729 -734 668 392 -456 420 331 519 158 -1007 262 499
-453 677 185 349 243 149 -40 -174 92 -910 -765 420 -775 -868 267 -382 499 -255 895 344 -530 41 -878 1019 -441 426 -112 265 475 -994 -420 -786 918 -300 -398 -396 23 694 -747 591 -229 -912 255 -853 484 -556 -409 424 -606 126 -119 148 -138 339 785 662 270 -269 933 23 -1022 402 -24 -79 -72 -576 -755 276 753 112 345 -754 966 692 -422 -395 -504 -303 884 -194 -30 485 -849 860 -322 -556 -400 -279 65 -197 99 256 -891 380 618 662 -914 -574 -709 581
 872 -81 230 550 735 375 -417 544 477 -880 172 -577 -891 -382 893 -106 -657 -508 -708 187 -901 291 849 631 -240 797 546 54 -467 422 -445 -521 -559 -257 775 -640 294 307 69 -189 843 396 -1016 956 706 -688 -297 20 -841 -156 482 487 -869 234 -106 -661 786 1012 249 277 478 -400 -824 63 782 229 -666 166 783 -228 1011 943 -163 -64 990 461 -677 -779 -38 -524 -707 50 -659 600 636 -486 -592 503 984 102 -428 575 -755 478 449 -780 -695 -115 -851 -619
-289 -485 477 909 -254 -815 18 290 -336 808 -439 701 699 -593 -548 -799 -266 -287 -35 -328 -98 -460 -420 336 -69 -772 -788 305 -65 807 -680 24 669 428 580 -991 -443 -398 -159 -1003 -783 -131 719 -709 -759 -33 -140 -18 1004 -380 -104 391 -264 244 -843 780 949 546 54 750 695 296 -831 426 654 -65 1012 -492 111 286 956 420 608 773 -353 -743 424 -218 341 333 -230 249 623 809 -661 -183 -789 206 -890 694 69 -544 572 -948 -272 680 -667 -247 -485 -48
-485 8 -261 -121 -545 -730 948 226 934 -178 613 -715 939 -467 1001 -838 250 -928 253 -650 947 -172 -353 -460 830 -450 -417 -265 -321 614 -303 793 -1016 -479 976 -929 79 302 432 758 -143 393 -679 -7 547 728 946 -831 -937 246 387 -620 548 468 149 236 -471 795 348 -595 -256 -291 179 879 -692 933 -384 109 -919 622 -243 -997 -228 -892 -971 -204 216 -490 -480 981 -12 -817 -836 -523 559 986 303 419 -413 586 687 -437 -360 445 632 405 49 -186 679 76